40.0412
40.9858
31.3555
37.7297
39.6396
31.6011
37.2917
41.5566
36.4628
32.6129
27.8909
35.4006
31.3961
26.0625
23.3401
22.0095
17.2554
18.0175
18.7479
9.88139
10.7656
13.8429
13.4566
40.0412
40.9858
31.3555
37.7297
39.6396
31.6011
37.2917
41.5566
36.4628
32.6129
27.8909
35.4006
31.3961
26.0625
23.3401
22.0095
17.2554
18.0175
18.7479
9.88139
10.7656
13.8429
13.4566
40.1771
34.3805
39.3118
38.2348
37.6966
31.8555
36.7976
37.3177
28.466
27.6983
34.0805
34.5881
27.0346
24.5512
26.2038
21.5439
20.2983
19.7225
12.092
13.1762
14.0445
7.90746
7.31955
42.8969
34.6172
40.5372
39.1568
36.0879
39.5526
37.965
33.5047
32.241
36.3418
27.1882
30.1331
32.1095
18.9388
27.4338
19.8445
20.2615
16.5363
8.72579
12.8347
13.4584
13.4335
13.1927
40.0412
40.9858
31.3555
37.7297
39.6396
31.6011
37.2917
41.5566
36.4628
32.6129
27.8909
35.4006
31.3961
26.0625
23.3401
22.0095
17.2554
18.0175
18.7479
9.88139
10.7656
13.8429
13.4566
39.3362
37.098
37.5679
38.8416
38.1526
36.0252
44.3099
40.4087
36.0433
38.785
31.7675
29.228
28.2969
30.0764
18.9871
17.596
25.3197
17.5336
14.3915
7.6195
10.4737
12.3136
13.8892
35.8343
38.4353
37.6849
39.2256
36.6039
35.5204
42.2604
35.3188
36.3268
36.6922
35.7334
37.0622
30.5865
24.7961
26.5659
21.8751
20.3925
20.8591
13.7682
14.5417
15.2845
11.1237
10.1857
42.2647
39.3676
40.0412
39.9524
32.257
40.8588
40.9858
41.3468
29.3939
39.8942
31.3555
37.3023
35.8194
37.2863
37.7297
32.781
37.7602
31.742
39.6396
38.8163
35.9811
41.6413
31.6011
34.6811
41.4857
37.7964
37.2917
37.1373
32.8321
34.4529
41.5566
43.099
36.3623
30.4447
36.4628
35.9773
35.309
36.2625
32.6129
31.4534
34.5878
30.3544
27.8909
27.1267
23.4967
28.3512
35.4006
33.3705
31.392
29.3996
31.3961
34.9585
24.5161
25.1685
26.0625
28.0551
32.6706
22.384
23.3401
19.3253
26.111
23.8004
22.0095
17.2665
20.5094
20.2556
17.2554
22.8272
15.9511
17.5689
18.0175
22.6256
9.67726
16.7184
18.7479
15.109
13.3254
8.24262
9.88139
13.6713
9.51888
11.0009
10.7656
12.8643
12.3767
8.77557
13.8429
11.6767
11.3226
14.4016
13.3371
13.4566
39.9524
40.0412
39.3676
42.2647
41.3468
40.9858
40.8588
32.257
37.3023
31.3555
39.8942
29.3939
32.781
37.7297
37.2863
35.8194
38.8163
39.6396
31.742
37.7602
34.6811
31.6011
41.6413
35.9811
37.1373
37.2917
37.7964
41.4857
43.099
41.5566
34.4529
32.8321
35.9773
36.4628
30.4447
36.3623
31.4534
32.6129
36.2625
35.309
27.1267
27.8909
30.3544
34.5878
33.3705
35.4006
28.3512
23.4967
34.9585
31.3961
29.3996
31.392
28.0551
26.0625
25.1685
24.5161
19.3253
23.3401
22.384
32.6706
17.2665
22.0095
23.8004
22.8272
17.2554
20.2556
26.111
22.6256
18.0175
17.5689
20.5094
15.109
16.7184
18.7479
15.9511
13.6713
8.24262
9.88139
9.67726
12.8643
11.0009
10.7656
13.3254
11.6767
8.77557
13.8429
9.51888
13.3371
14.4016
13.4566
12.3767
11.3226
40.0412
42.2647
39.3676
39.9524
40.9858
32.257
40.8588
41.3468
31.3555
29.3939
39.8942
37.3023
37.7297
35.8194
37.2863
32.781
39.6396
37.7602
31.742
38.8163
31.6011
35.9811
41.6413
34.6811
37.2917
41.4857
37.7964
37.1373
41.5566
32.8321
34.4529
43.099
36.4628
36.3623
30.4447
35.9773
32.6129
35.309
36.2625
31.4534
27.8909
34.5878
30.3544
27.1267
35.4006
28.3512
23.4967
33.3705
31.3961
29.3996
31.392
34.9585
26.0625
25.1685
24.5161
28.0551
23.3401
22.384
32.6706
19.3253
22.0095
23.8004
26.111
17.2665
20.2556
17.2554
20.5094
22.8272
17.5689
18.0175
15.9511
22.6256
16.7184
18.7479
9.67726
15.109
8.24262
9.88139
13.3254
13.6713
11.0009
10.7656
9.51888
12.8643
8.77557
13.8429
12.3767
11.6767
14.4016
13.4566
11.3226
13.3371
42.2647
39.9524
40.0412
39.3676
32.257
41.3468
40.9858
40.8588
29.3939
37.3023
31.3555
39.8942
35.8194
32.781
37.7297
37.2863
37.7602
38.8163
39.6396
31.742
35.9811
34.6811
31.6011
41.6413
41.4857
37.1373
37.2917
37.7964
32.8321
43.099
41.5566
34.4529
36.3623
35.9773
36.4628
30.4447
35.309
31.4534
32.6129
36.2625
34.5878
27.1267
27.8909
30.3544
23.4967
33.3705
35.4006
28.3512
31.392
34.9585
31.3961
29.3996
24.5161
28.0551
26.0625
25.1685
32.6706
19.3253
23.3401
22.384
26.111
17.2665
22.0095
23.8004
20.5094
22.8272
17.2554
20.2556
15.9511
22.6256
18.0175
17.5689
9.67726
15.109
18.7479
16.7184
13.6713
13.3254
9.88139
8.24262
12.8643
9.51888
10.7656
11.0009
11.6767
12.3767
13.8429
8.77557
13.3371
11.3226
13.4566
14.4016
42.2647
39.9524
39.3676
40.0412
32.257
41.3468
40.8588
40.9858
29.3939
37.3023
39.8942
31.3555
35.8194
32.781
37.2863
37.7297
38.8163
31.742
39.6396
41.6413
34.6811
31.6011
37.7602
37.7964
37.1373
37.2917
35.9811
34.4529
43.099
41.5566
30.4447
35.9773
36.4628
41.4857
36.2625
31.4534
32.6129
32.8321
30.3544
27.1267
27.8909
36.3623
28.3512
33.3705
35.4006
35.309
29.3996
34.9585
31.3961
34.5878
25.1685
28.0551
26.0625
23.4967
19.3253
22.384
23.3401
31.392
17.2665
23.8004
22.0095
24.5161
22.8272
20.2556
17.2554
32.6706
22.6256
18.0175
17.5689
26.111
15.109
18.7479
16.7184
20.5094
9.88139
13.6713
15.9511
8.24262
10.7656
12.8643
9.67726
11.0009
11.6767
13.3254
13.8429
8.77557
9.51888
13.4566
13.3371
12.3767
14.4016
11.3226
39.3676
39.9524
40.0412
42.2647
40.8588
41.3468
40.9858
32.257
39.8942
37.3023
31.3555
29.3939
37.2863
32.781
37.7297
35.8194
31.742
39.6396
38.8163
37.7602
41.6413
31.6011
34.6811
35.9811
37.7964
37.2917
37.1373
41.4857
34.4529
41.5566
43.099
32.8321
30.4447
36.3623
36.4628
35.9773
36.2625
32.6129
31.4534
35.309
30.3544
27.8909
27.1267
34.5878
28.3512
35.4006
33.3705
23.4967
29.3996
31.3961
34.9585
31.392
26.0625
25.1685
28.0551
24.5161
23.3401
22.384
19.3253
32.6706
22.0095
23.8004
17.2665
26.111
17.2554
20.2556
22.8272
20.5094
18.0175
17.5689
22.6256
15.9511
18.7479
16.7184
15.109
9.67726
9.88139
8.24262
13.6713
13.3254
10.7656
11.0009
12.8643
9.51888
13.8429
8.77557
11.6767
12.3767
13.4566
13.3371
14.4016
11.3226
39.3676
39.9524
40.0412
42.2647
41.3468
40.9858
32.257
40.8588
37.3023
31.3555
29.3939
32.781
37.7297
39.8942
35.8194
38.8163
39.6396
37.2863
37.7602
34.6811
31.6011
31.742
35.9811
37.1373
37.2917
41.6413
41.4857
43.099
41.5566
32.8321
36.4628
35.9773
37.7964
36.3623
31.4534
34.4529
32.6129
35.309
27.1267
30.4447
27.8909
34.5878
33.3705
36.2625
35.4006
23.4967
34.9585
31.3961
31.392
30.3544
24.5161
26.0625
28.0551
28.3512
32.6706
23.3401
19.3253
29.3996
26.111
22.0095
17.2665
25.1685
20.5094
17.2554
22.8272
22.384
15.9511
18.0175
22.6256
18.7479
9.67726
23.8004
15.109
13.3254
20.2556
13.6713
9.88139
9.51888
17.5689
12.8643
10.7656
12.3767
16.7184
11.6767
13.8429
11.3226
13.3371
13.4566
8.24262
11.0009
8.77557
14.4016
39.9524
39.3676
41.3468
42.2647
40.8588
32.257
37.3023
40.0412
39.8942
32.781
29.3939
37.2863
40.9858
38.8163
35.8194
31.742
31.3555
34.6811
37.7602
41.6413
37.1373
35.9811
37.7297
43.099
37.7964
41.4857
39.6396
35.9773
34.4529
32.8321
31.4534
30.4447
36.3623
31.6011
27.1267
36.2625
35.309
37.2917
33.3705
34.5878
30.3544
34.9585
41.5566
23.4967
28.3512
28.0551
31.392
36.4628
29.3996
19.3253
32.6129
24.5161
25.1685
17.2665
32.6706
27.8909
22.384
22.8272
22.6256
26.111
35.4006
23.8004
15.109
31.3961
20.5094
20.2556
13.6713
26.0625
15.9511
17.5689
12.8643
9.67726
23.3401
16.7184
11.6767
22.0095
13.3254
13.3371
8.24262
17.2554
9.51888
12.3767
11.0009
18.0175
11.3226
18.7479
8.77557
9.88139
14.4016
10.7656
13.8429
13.4566
39.9524
42.2647
40.0412
41.3468
39.3676
32.257
40.9858
37.3023
40.8588
29.3939
31.3555
32.781
39.8942
35.8194
37.7297
38.8163
37.2863
37.7602
39.6396
34.6811
31.742
35.9811
31.6011
37.1373
41.6413
41.4857
37.2917
43.099
37.7964
32.8321
41.5566
35.9773
34.4529
36.3623
36.4628
31.4534
30.4447
35.309
32.6129
27.1267
36.2625
34.5878
27.8909
33.3705
30.3544
23.4967
35.4006
34.9585
28.3512
28.0551
31.392
31.3961
29.3996
19.3253
26.0625
24.5161
25.1685
17.2665
32.6706
23.3401
22.384
22.8272
26.111
22.0095
23.8004
20.5094
17.2554
22.6256
20.2556
15.9511
18.0175
15.109
17.5689
9.67726
18.7479
13.6713
16.7184
13.3254
9.88139
12.8643
8.24262
9.51888
10.7656
11.6767
11.0009
12.3767
13.8429
13.3371
8.77557
13.4566
11.3226
14.4016
39.9524
42.2647
40.0412
39.3676
41.3468
32.257
40.9858
40.8588
37.3023
29.3939
31.3555
39.8942
32.781
35.8194
37.7297
37.2863
38.8163
37.7602
39.6396
31.742
34.6811
35.9811
31.6011
41.6413
37.1373
41.4857
37.2917
37.7964
43.099
32.8321
41.5566
34.4529
35.9773
36.3623
36.4628
30.4447
31.4534
35.309
32.6129
36.2625
34.5878
27.1267
27.8909
30.3544
23.4967
35.4006
33.3705
28.3512
31.392
31.3961
34.9585
29.3996
24.5161
26.0625
28.0551
25.1685
32.6706
23.3401
19.3253
22.384
22.0095
17.2665
26.111
23.8004
17.2554
22.8272
20.5094
20.2556
18.0175
15.9511
22.6256
17.5689
18.7479
9.67726
15.109
16.7184
9.88139
13.6713
13.3254
8.24262
10.7656
12.8643
9.51888
11.0009
13.8429
11.6767
12.3767
8.77557
13.4566
14.4016
13.3371
11.3226
40.0412
42.2647
39.9524
39.3676
40.9858
32.257
41.3468
31.3555
40.8588
29.3939
37.3023
37.7297
39.8942
35.8194
32.781
39.6396
37.2863
37.7602
38.8163
31.6011
31.742
35.9811
34.6811
37.2917
41.6413
41.4857
37.1373
41.5566
37.7964
32.8321
43.099
36.4628
34.4529
36.3623
35.9773
32.6129
30.4447
35.309
31.4534
27.8909
36.2625
34.5878
35.4006
27.1267
30.3544
23.4967
31.3961
33.3705
31.392
28.3512
26.0625
34.9585
24.5161
29.3996
23.3401
28.0551
32.6706
25.1685
22.0095
19.3253
26.111
22.384
17.2554
17.2665
20.5094
23.8004
18.0175
22.8272
15.9511
20.2556
18.7479
22.6256
9.67726
17.5689
9.88139
15.109
13.3254
16.7184
10.7656
13.6713
9.51888
8.24262
13.8429
12.8643
12.3767
11.0009
13.4566
11.6767
8.77557
11.3226
13.3371
14.4016
40.0412
40.9858
39.3676
31.3555
39.9524
42.2647
40.8588
37.7297
41.3468
32.257
39.8942
39.6396
37.3023
29.3939
37.2863
31.6011
32.781
35.8194
31.742
37.2917
38.8163
37.7602
41.6413
41.5566
34.6811
35.9811
37.7964
36.4628
37.1373
41.4857
34.4529
32.6129
43.099
32.8321
30.4447
27.8909
35.9773
36.3623
36.2625
35.4006
31.4534
35.309
30.3544
31.3961
27.1267
34.5878
28.3512
26.0625
33.3705
23.4967
29.3996
23.3401
34.9585
31.392
25.1685
22.0095
28.0551
24.5161
17.2554
22.384
19.3253
32.6706
18.0175
23.8004
17.2665
26.111
18.7479
20.2556
22.8272
20.5094
9.88139
17.5689
22.6256
15.9511
10.7656
16.7184
15.109
9.67726
13.8429
8.24262
13.6713
13.3254
13.4566
11.0009
12.8643
9.51888
8.77557
12.3767
11.6767
13.3371
14.4016
11.3226
40.0412
39.3676
42.2647
39.9524
40.9858
40.8588
32.257
41.3468
31.3555
39.8942
29.3939
37.3023
37.7297
37.2863
35.8194
32.781
39.6396
31.742
37.7602
38.8163
31.6011
41.6413
35.9811
34.6811
37.2917
37.7964
41.4857
37.1373
41.5566
34.4529
32.8321
43.099
36.4628
30.4447
36.3623
35.9773
32.6129
36.2625
35.309
31.4534
27.8909
30.3544
34.5878
27.1267
35.4006
28.3512
33.3705
23.4967
31.3961
29.3996
34.9585
31.392
26.0625
25.1685
28.0551
23.3401
22.384
24.5161
19.3253
22.0095
23.8004
32.6706
17.2665
17.2554
20.2556
26.111
22.8272
18.0175
20.5094
17.5689
22.6256
18.7479
15.9511
16.7184
15.109
9.88139
9.67726
8.24262
13.6713
10.7656
13.3254
11.0009
12.8643
13.8429
9.51888
8.77557
11.6767
13.4566
12.3767
14.4016
13.3371
11.3226
42.2647
40.0412
39.3676
39.9524
32.257
40.9858
40.8588
41.3468
29.3939
31.3555
39.8942
37.3023
35.8194
37.7297
37.2863
32.781
37.7602
39.6396
31.742
38.8163
35.9811
31.6011
41.6413
34.6811
41.4857
37.2917
37.7964
37.1373
32.8321
41.5566
34.4529
43.099
36.3623
36.4628
30.4447
35.9773
35.309
32.6129
36.2625
31.4534
34.5878
27.8909
30.3544
27.1267
23.4967
35.4006
28.3512
33.3705
31.392
31.3961
29.3996
34.9585
24.5161
25.1685
26.0625
28.0551
32.6706
22.384
23.3401
19.3253
26.111
23.8004
22.0095
17.2665
20.5094
20.2556
17.2554
22.8272
15.9511
17.5689
18.0175
22.6256
9.67726
16.7184
18.7479
15.109
13.3254
8.24262
9.88139
13.6713
9.51888
11.0009
10.7656
12.8643
12.3767
8.77557
13.8429
11.6767
11.3226
14.4016
13.4566
13.3371
40.0412
39.9524
39.3676
42.2647
40.9858
41.3468
40.8588
32.257
31.3555
37.3023
39.8942
29.3939
37.7297
32.781
37.2863
35.8194
39.6396
38.8163
31.742
37.7602
31.6011
34.6811
41.6413
35.9811
37.2917
37.1373
37.7964
41.5566
41.4857
43.099
32.8321
36.4628
34.4529
35.9773
36.3623
32.6129
31.4534
30.4447
35.309
27.1267
27.8909
36.2625
34.5878
35.4006
33.3705
30.3544
23.4967
34.9585
31.3961
28.3512
31.392
28.0551
26.0625
29.3996
24.5161
19.3253
23.3401
25.1685
32.6706
17.2665
22.0095
22.384
26.111
22.8272
17.2554
23.8004
22.6256
18.0175
20.2556
20.5094
15.109
18.7479
17.5689
15.9511
13.6713
9.88139
16.7184
9.67726
12.8643
10.7656
8.24262
13.3254
11.6767
13.8429
11.0009
9.51888
13.3371
13.4566
8.77557
12.3767
14.4016
11.3226
