1 0.5 -0.96476 0
2 0.5 -0.972992 0.0058209
3 0.5 -0.974173 0.00399868
4 0.5 -0.973564 0.00304508
5 0.5 -0.972802 0.00252971
6 0.5 -0.972111 0.00220042
7 0.5 -0.971319 0.00202353
8 0.5 -0.971791 0.00182484
9 0.5 -0.972516 0.00176006
10 0.5 -0.97245 0.00158526
1 0.6 -0.937664 0
2 0.6 -0.939468 0.00127562
3 0.6 -0.940688 0.00130976
4 0.6 -0.938544 0.0021006
5 0.6 -0.936547 0.0024523
6 0.6 -0.934885 0.00254514
7 0.6 -0.93337 0.00259357
8 0.6 -0.933031 0.00229146
9 0.6 -0.933167 0.00204089
10 0.6 -0.933264 0.0018391
1 0.7 -0.892792 0
2 0.7 -0.89278 8.48528e-06
3 0.7 -0.894579 0.00146862
4 0.7 -0.893066 0.00171153
5 0.7 -0.892611 0.00142837
6 0.7 -0.891656 0.00147553
7 0.7 -0.890553 0.00162545
8 0.7 -0.890386 0.00143084
9 0.7 -0.890796 0.00132942
10 0.7 -0.891242 0.00126908
1 0.8 -0.850416 0
2 0.8 -0.849516 0.000636396
3 0.8 -0.849104 0.000541445
4 0.8 -0.848092 0.000965925
5 0.8 -0.848339 0.00080375
6 0.8 -0.848133 0.000695657
7 0.8 -0.848423 0.000653755
8 0.8 -0.84908 0.000839692
9 0.8 -0.849264 0.000766287
10 0.8 -0.849436 0.000708699
1 1 -0.761592 0
2 1 -0.761716 8.76812e-05
3 1 -0.762789 0.00087832
4 1 -0.761238 0.0014963
5 1 -0.76155 0.00122922
6 1 -0.761512 0.00102495
7 1 -0.761849 0.00093233
8 1 -0.762014 0.000830236
9 1 -0.762072 0.000740011
10 1 -0.762497 0.000778446
1 1.3 -0.645912 0
2 1.3 -0.64714 0.000868327
3 1.3 -0.647048 0.000583738
4 1.3 -0.646 0.00100767
5 1.3 -0.645922 0.000809181
6 1.3 -0.646165 0.000710076
7 1.3 -0.646423 0.000653669
8 1.3 -0.64631 0.000581621
9 1.3 -0.646522 0.000554213
10 1.3 -0.646431 0.00050614
1 1.5 -0.583568 0
2 1.5 -0.583552 1.13137e-05
3 1.5 -0.583171 0.000311449
4 1.5 -0.582708 0.000463797
5 1.5 -0.582366 0.000480647
6 1.5 -0.582636 0.000470108
7 1.5 -0.582949 0.000496097
8 1.5 -0.583039 0.00044225
9 1.5 -0.583249 0.000440108
10 1.5 -0.583066 0.000432279
1 1.7 -0.528584 0
2 1.7 -0.529336 0.000531744
3 1.7 -0.528715 0.0006189
4 1.7 -0.528038 0.000747574
5 1.7 -0.527888 0.000612923
6 1.7 -0.528164 0.000569531
7 1.7 -0.528409 0.000538349
8 1.7 -0.528331 0.000476693
9 1.7 -0.528492 0.000449954
10 1.7 -0.528228 0.000475927
1 2 -0.461768 0
2 2 -0.462632 0.00061094
3 2 -0.462424 0.000441283
4 2 -0.461474 0.000886798
5 2 -0.461154 0.000765133
6 2 -0.461488 0.000706918
7 2 -0.461601 0.000614918
8 2 -0.461591 0.000538136
9 2 -0.461999 0.00061389
10 2 -0.461734 0.000606896
1 2.2 -0.42384 0
2 2.2 -0.42554 0.00120208
3 2.2 -0.425325 0.000820331
4 2.2 -0.424564 0.000901805
5 2.2 -0.424662 0.000726792
6 2.2 -0.425104 0.000727553
7 2.2 -0.425338 0.000660262
8 2.2 -0.425526 0.000603824
9 2.2 -0.426009 0.000703814
10 2.2 -0.425846 0.00065192
1 2.5 -0.381992 0
2 2.5 -0.380656 0.000944695
3 2.5 -0.379891 0.000887206
4 2.5 -0.379516 0.0007403
5 2.5 -0.379202 0.000655611
6 2.5 -0.379428 0.000584127
7 2.5 -0.379465 0.00050186
8 2.5 -0.379653 0.000472982
9 2.5 -0.380014 0.000541058
10 2.5 -0.379801 0.000527367
1 2.7 -0.355264 0
2 2.7 -0.353696 0.00110874
3 2.7 -0.35384 0.000748455
4 2.7 -0.353492 0.000637128
5 2.7 -0.353363 0.000522559
6 2.7 -0.353761 0.000567206
7 2.7 -0.3542 0.000633487
8 2.7 -0.354442 0.000598743
9 2.7 -0.354554 0.00054255
10 2.7 -0.354333 0.000531394
1 3 -0.32184 0
2 3 -0.321052 0.0005572
3 3 -0.321336 0.000437902
4 3 -0.320798 0.000570041
5 3 -0.321144 0.000551125
6 3 -0.321655 0.000654406
7 3 -0.321603 0.000562921
8 3 -0.321904 0.000567153
9 3 -0.322034 0.000518771
10 3 -0.321643 0.000596059
