1 0.5 0.342783 0
2 0.5 0.336034 0.00477198
3 0.5 0.330765 0.005351
4 0.5 0.329208 0.00423366
5 0.5 0.330811 0.00367782
6 0.5 0.332316 0.0033587
7 0.5 0.332424 0.00288064
8 0.5 0.332722 0.00253588
9 0.5 0.330812 0.00288498
10 0.5 0.329433 0.00290735
1 0.6 0.430249 0
2 0.6 0.426843 0.00240851
3 0.6 0.427257 0.00164091
4 0.6 0.425886 0.00170994
5 0.6 0.426364 0.00143302
6 0.6 0.424637 0.0019772
7 0.6 0.424473 0.0017016
8 0.6 0.423735 0.00164088
9 0.6 0.423046 0.00159667
10 0.6 0.423178 0.0014424
1 0.7 0.4318 0
2 0.7 0.433787 0.00140503
3 0.7 0.430324 0.00297868
4 0.7 0.433284 0.00340068
5 0.7 0.433231 0.00272097
6 0.7 0.432178 0.00246288
7 0.7 0.432667 0.00215917
8 0.7 0.432854 0.00189728
9 0.7 0.432694 0.00169318
10 0.7 0.432284 0.00157267
1 0.8 0.451127 0
2 0.8 0.449235 0.00133749
3 0.8 0.444758 0.00376288
4 0.8 0.445244 0.00285339
5 0.8 0.443639 0.00269649
6 0.8 0.4429 0.00234635
7 0.8 0.440991 0.00267701
8 0.8 0.440074 0.00249474
9 0.8 0.440867 0.00234034
10 0.8 0.441399 0.0021658
1 0.9 0.441897 0
2 0.9 0.437865 0.00285133
3 0.9 0.437797 0.00190169
4 0.9 0.439046 0.00179023
5 0.9 0.438932 0.00143581
6 0.9 0.438953 0.00119666
7 0.9 0.439389 0.00110195
8 0.9 0.439348 0.00096494
9 0.9 0.439726 0.000928778
10 0.9 0.438314 0.00157958
1 1 0.419442 0
2 1 0.41923 0.000150043
3 1 0.420187 0.000787681
4 1 0.420949 0.000886141
5 1 0.421133 0.000727626
6 1 0.421314 0.000628684
7 1 0.421123 0.000567383
8 1 0.420863 0.000552496
9 1 0.420898 0.000492193
10 1 0.421065 0.000470488
1 1.1 0.395027 0
2 1.1 0.395951 0.000652802
3 1.1 0.396769 0.0007973
4 1.1 0.3992 0.00218852
5 1.1 0.399005 0.00175949
6 1.1 0.398966 0.00146667
7 1.1 0.398173 0.00145579
8 1.1 0.398116 0.00127493
9 1.1 0.398208 0.00113658
10 1.1 0.398067 0.00103165
1 1.2 0.368154 0
2 1.2 0.367021 0.000800647
3 1.2 0.36882 0.00156302
4 1.2 0.369612 0.00135779
5 1.2 0.370844 0.0015477
6 1.2 0.37146 0.00140689
7 1.2 0.37105 0.00126425
8 1.2 0.370871 0.00111878
9 1.2 0.370676 0.00101133
10 1.2 0.370646 0.000910651
1 1.3 0.345058 0
2 1.3 0.345352 0.00020748
3 1.3 0.345426 0.000150851
4 1.3 0.345173 0.000245896
5 1.3 0.346089 0.000842386
6 1.3 0.346035 0.000703723
7 1.3 0.345663 0.000694878
8 1.3 0.345957 0.000667348
9 1.3 0.345682 0.000647141
10 1.3 0.345822 0.000597393
1 1.4 0.315185 0
2 1.4 0.316535 0.0009541
3 1.4 0.317195 0.000833782
4 1.4 0.317 0.000647613
5 1.4 0.317801 0.000884093
6 1.4 0.31771 0.000741445
7 1.4 0.317555 0.000651574
8 1.4 0.317812 0.000618846
9 1.4 0.317631 0.000575936
10 1.4 0.317713 0.000524118
1 1.5 0.290795 0
2 1.5 0.292822 0.00143322
3 1.5 0.292992 0.000965596
4 1.5 0.292907 0.00072793
5 1.5 0.293569 0.000830083
6 1.5 0.293554 0.000691874
7 1.5 0.293322 0.000630682
8 1.5 0.293584 0.000603749
9 1.5 0.293557 0.000537267
10 1.5 0.293595 0.000484888
1 1.6 0.269163 0
2 1.6 0.269844 0.00048159
3 1.6 0.270704 0.000772709
4 1.6 0.270087 0.00078873
5 1.6 0.270157 0.000634137
6 1.6 0.270199 0.000529796
7 1.6 0.270035 0.000478836
8 1.6 0.270116 0.000425862
9 1.6 0.270268 0.00040464
10 1.6 0.270257 0.000364315
1 1.7 0.247637 0
2 1.7 0.247406 0.000162869
3 1.7 0.248842 0.00117758
4 1.7 0.248619 0.000904114
5 1.7 0.248814 0.000744096
6 1.7 0.249174 0.000701466
7 1.7 0.249158 0.000601434
8 1.7 0.249115 0.000527759
9 1.7 0.249142 0.000469823
10 1.7 0.249192 0.000425456
1 1.8 0.231944 0
2 1.8 0.230494 0.00102503
3 1.8 0.230923 0.000767675
4 1.8 0.230156 0.000878585
5 1.8 0.230108 0.000704207
6 1.8 0.230184 0.000590943
7 1.8 0.230067 0.00051786
8 1.8 0.229923 0.000472983
9 1.8 0.229785 0.000440018
10 1.8 0.229909 0.000413044
1 1.9 0.213343 0
2 1.9 0.213327 1.10489e-05
3 1.9 0.213585 0.00021022
4 1.9 0.213036 0.000500446
5 1.9 0.212701 0.000500363
6 1.9 0.212485 0.000461096
7 1.9 0.212328 0.000421067
8 1.9 0.2122 0.000387299
9 1.9 0.212167 0.000345696
10 1.9 0.212258 0.000322896
1 2 0.197727 0
2 2 0.196797 0.000658192
3 2 0.197198 0.000547702
4 2 0.197002 0.000444399
5 2 0.196896 0.000368022
6 2 0.196724 0.000344681
7 2 0.196446 0.000391506
8 2 0.196233 0.000396547
9 2 0.196264 0.000353716
10 2 0.19635 0.000328651
1 2.1 0.181285 0
2 2.1 0.181284 5.58483e-08
3 2.1 0.18178 0.000404505
4 2.1 0.181474 0.000402732
5 2.1 0.181597 0.000340527
6 2.1 0.181681 0.000293839
7 2.1 0.181655 0.000252999
8 2.1 0.181621 0.000223618
9 2.1 0.181701 0.000212594
10 2.1 0.181884 0.000258256
1 2.2 0.168148 0
2 2.2 0.169155 0.000712451
3 2.2 0.169486 0.000546188
4 2.2 0.168903 0.000649962
5 2.2 0.168742 0.000539616
6 2.2 0.168552 0.000481715
7 2.2 0.168429 0.000428515
8 2.2 0.16853 0.000386781
9 2.2 0.168642 0.000359652
10 2.2 0.16866 0.000324138
1 2.3 0.156528 0
2 2.3 0.15728 0.000531839
3 2.3 0.157399 0.000367746
4 2.3 0.157129 0.000361829
5 2.3 0.157277 0.000318296
6 2.3 0.157086 0.000317567
7 2.3 0.156886 0.000328973
8 2.3 0.156947 0.00029339
9 2.3 0.156969 0.0002616
10 2.3 0.157056 0.000249704
1 2.4 0.146757 0
2 2.4 0.146893 9.62086e-05
3 2.4 0.146959 8.35996e-05
4 2.4 0.146758 0.000184326
5 2.4 0.146749 0.000147678
6 2.4 0.146747 0.000123087
7 2.4 0.146477 0.000271614
8 2.4 0.14649 0.000237983
9 2.4 0.146523 0.000213905
10 2.4 0.146547 0.000193805
1 2.5 0.137492 0
2 2.5 0.13725 0.000171162
3 2.5 0.137505 0.000237384
4 2.5 0.137238 0.000291717
5 2.5 0.137182 0.000238815
6 2.5 0.137247 0.00020769
7 2.5 0.137134 0.000206419
8 2.5 0.136915 0.000272823
9 2.5 0.137 0.000255313
10 2.5 0.137 0.000229781
1 2.6 0.128725 0
2 2.6 0.128757 2.23114e-05
3 2.6 0.128769 1.80933e-05
4 2.6 0.128623 0.00012757
5 2.6 0.128581 0.000108849
6 2.6 0.128736 0.000168392
7 2.6 0.128559 0.000218146
8 2.6 0.128328 0.000288852
9 2.6 0.128327 0.000256758
10 2.6 0.128368 0.000234328
1 2.7 0.120579 0
2 2.7 0.120806 0.000160475
3 2.7 0.120741 0.000119463
4 2.7 0.120426 0.000287651
5 2.7 0.120379 0.000233903
6 2.7 0.120392 0.0001953
7 2.7 0.120334 0.000175728
8 2.7 0.120156 0.000226917
9 2.7 0.120175 0.000202505
10 2.7 0.120121 0.000189401
1 2.8 0.112918 0
2 2.8 0.113207 0.000204651
3 2.8 0.113303 0.000157229
4 2.8 0.113264 0.000122645
5 2.8 0.11319 0.000118412
6 2.8 0.113064 0.00015166
7 2.8 0.112892 0.000205063
8 2.8 0.112714 0.000244783
9 2.8 0.112681 0.000219799
10 2.8 0.112669 0.000198144
1 2.9 0.106412 0
2 2.9 0.106329 5.86357e-05
3 2.9 0.106468 0.000119613
4 2.9 0.106592 0.000140254
5 2.9 0.1065 0.00013929
6 2.9 0.106501 0.000116077
7 2.9 0.10632 0.000194898
8 2.9 0.106181 0.000214396
9 2.9 0.106128 0.000197
10 2.9 0.106095 0.000180033
