1 0.5 0.871412 0
2 0.5 0.879391 0.00564215
3 0.5 0.888838 0.00858146
4 0.5 0.895699 0.00875937
5 0.5 0.898931 0.00758049
6 0.5 0.895848 0.00691567
7 0.5 0.895572 0.00593321
8 0.5 0.896063 0.00521183
9 0.5 0.894837 0.00477487
10 0.5 0.893804 0.00440778
1 0.6 0.582149 0
2 0.6 0.646488 0.045495
3 0.6 0.649297 0.0304165
4 0.6 0.648237 0.0228309
5 0.6 0.654702 0.0191583
6 0.6 0.655623 0.0159874
7 0.6 0.660269 0.0143626
8 0.6 0.666903 0.0140159
9 0.6 0.667701 0.0124813
10 0.6 0.669764 0.0114023
1 0.7 0.47925 0
2 0.7 0.461042 0.0128749
3 0.7 0.445681 0.0151983
4 0.7 0.44562 0.0113988
5 0.7 0.445904 0.00912259
6 0.7 0.442223 0.00831192
7 0.7 0.4404 0.00732163
8 0.7 0.446349 0.00848607
9 0.7 0.445909 0.0075546
10 0.7 0.443948 0.00704899
1 0.8 0.300299 0
2 0.8 0.285549 0.01043
3 0.8 0.279337 0.00860643
4 0.8 0.284774 0.00798957
5 0.8 0.285458 0.00642093
6 0.8 0.282633 0.00594002
7 0.8 0.285386 0.00569381
8 0.8 0.289833 0.00649038
9 0.8 0.286869 0.00641043
10 0.8 0.287246 0.0057805
1 0.9 0.198207 0
2 0.9 0.197101 0.000781777
3 0.9 0.200346 0.00270036
4 0.9 0.200995 0.00210187
5 0.9 0.199584 0.00210273
6 0.9 0.20052 0.0019494
7 0.9 0.200242 0.00169055
8 0.9 0.200747 0.00155286
9 0.9 0.199486 0.00182168
10 0.9 0.199231 0.00165735
1 1 0.139452 0
2 1 0.140653 0.000849235
3 1 0.143053 0.00203979
4 1 0.14488 0.00220115
5 1 0.145155 0.00177798
6 1 0.144054 0.0017901
7 1 0.143849 0.0015461
8 1 0.143295 0.00144879
9 1 0.143663 0.00133386
10 1 0.143567 0.00120397
1 1.1 0.115764 0
2 1.1 0.11176 0.00283168
3 1.1 0.114407 0.00287005
4 1.1 0.112138 0.00291472
5 1.1 0.11139 0.00242592
6 1.1 0.1118 0.00205598
7 1.1 0.112289 0.00181945
8 1.1 0.112009 0.00161334
9 1.1 0.111318 0.00157516
10 1.1 0.110672 0.00154451
1 1.2 0.0825252 0
2 1.2 0.0822764 0.000175928
3 1.2 0.0841313 0.00151908
4 1.2 0.0837312 0.00119084
5 1.2 0.0852155 0.00163406
6 1.2 0.085914 0.00150361
7 1.2 0.0863027 0.0013381
8 1.2 0.0865337 0.00119061
9 1.2 0.0864338 0.00106249
10 1.2 0.0861438 0.000995029
1 1.3 0.0689812 0
2 1.3 0.0709824 0.00141506
3 1.3 0.0708305 0.000951489
4 1.3 0.0703654 0.000819458
5 1.3 0.068445 0.00183854
6 1.3 0.0679941 0.00158643
7 1.3 0.0684999 0.00143817
8 1.3 0.0692972 0.00146276
9 1.3 0.0695784 0.001327
10 1.3 0.069585 0.00119432
1 1.4 0.0583644 0
2 1.4 0.0581186 0.000173807
3 1.4 0.0581501 0.000118697
4 1.4 0.0582885 0.000149279
5 1.4 0.0584326 0.000175735
6 1.4 0.0577714 0.000621137
7 1.4 0.057448 0.000610819
8 1.4 0.0575293 0.00053985
9 1.4 0.0578219 0.000553495
10 1.4 0.0583397 0.000699646
1 1.5 0.0499928 0
2 1.5 0.050049 3.97394e-05
3 1.5 0.0502671 0.000180011
4 1.5 0.0503631 0.000158569
5 1.5 0.0514246 0.000957907
6 1.5 0.0516312 0.000820225
7 1.5 0.0514582 0.000721057
8 1.5 0.0514342 0.000631325
9 1.5 0.0517917 0.000654636
10 1.5 0.0515017 0.000650263
1 1.6 0.0471048 0
2 1.6 0.044155 0.00208582
3 1.6 0.0425168 0.00192945
4 1.6 0.042723 0.00145806
5 1.6 0.0431071 0.00121599
6 1.6 0.0434426 0.00105859
7 1.6 0.0435298 0.000910949
8 1.6 0.0437577 0.000825103
9 1.6 0.0435075 0.000770436
10 1.6 0.043569 0.000695842
1 1.7 0.0406716 0
2 1.7 0.040111 0.000396404
3 1.7 0.0395513 0.000527879
4 1.7 0.0387422 0.00080484
5 1.7 0.0388915 0.000657577
6 1.7 0.0386476 0.000591493
7 1.7 0.0382517 0.000625634
8 1.7 0.0385557 0.0006169
9 1.7 0.0383323 0.000587411
10 1.7 0.0380696 0.000584456
1 1.8 0.0380228 0
2 1.8 0.036613 0.000996879
3 1.8 0.0354664 0.0011481
4 1.8 0.0352437 0.00088241
5 1.8 0.0348585 0.000785525
6 1.8 0.0349245 0.00065737
7 1.8 0.0346597 0.000614465
8 1.8 0.0347457 0.000543633
9 1.8 0.0349093 0.000507261
10 1.8 0.0345571 0.000565747
1 1.9 0.0313028 0
2 1.9 0.0297694 0.00108428
3 1.9 0.0291387 0.000887542
4 1.9 0.0294903 0.000732006
5 1.9 0.0307102 0.0012383
6 1.9 0.0306697 0.00103258
7 1.9 0.03067 0.000885065
8 1.9 0.0307066 0.000775189
9 1.9 0.0305769 0.000699825
10 1.9 0.0309737 0.000733777
1 2 0.0276032 0
2 2 0.0285584 0.000675428
3 2 0.0276472 0.000869644
4 2 0.0279017 0.000688466
5 2 0.0274946 0.000660234
6 2 0.0274001 0.000556918
7 2 0.027297 0.000486809
8 2 0.0274172 0.000440541
9 2 0.0274313 0.000391817
10 2 0.0273852 0.000355335
1 2.1 0.0251364 0
2 2.1 0.0261524 0.00071842
3 2.1 0.0262315 0.000483278
4 2.1 0.0264434 0.00040628
5 2.1 0.0260811 0.000458953
6 2.1 0.0258443 0.000439317
7 2.1 0.0257725 0.000382383
8 2.1 0.0254606 0.000443933
9 2.1 0.0251206 0.000508386
10 2.1 0.0252829 0.000482759
1 2.2 0.0224208 0
2 2.2 0.0225566 9.60251e-05
3 2.2 0.0227052 0.000137184
4 2.2 0.0233451 0.00056364
5 2.2 0.023195 0.000470484
6 2.2 0.0227118 0.000590132
7 2.2 0.022732 0.000506173
8 2.2 0.0224762 0.000503382
9 2.2 0.0225754 0.000457107
10 2.2 0.0226573 0.000418669
1 2.3 0.0193684 0
2 2.3 0.0202414 0.000617304
3 2.3 0.0210555 0.00078177
4 2.3 0.0213402 0.00063607
5 2.3 0.0217094 0.000606634
6 2.3 0.0210569 0.000781304
7 2.3 0.0208333 0.000700942
8 2.3 0.0208459 0.000613437
9 2.3 0.0208641 0.000545548
10 2.3 0.0207433 0.000504193
1 2.4 0.0188684 0
2 2.4 0.0194964 0.000444063
3 2.4 0.0191267 0.000422819
4 2.4 0.0191791 0.000320349
5 2.4 0.0196299 0.000477776
6 2.4 0.0195014 0.000415073
7 2.4 0.0195153 0.000356008
8 2.4 0.01953 0.000311814
9 2.4 0.0196212 0.000290185
10 2.4 0.0197254 0.000279262
1 2.5 0.0190836 0
2 2.5 0.0177266 0.000959544
3 2.5 0.0175409 0.000657413
4 2.5 0.0177419 0.000522876
5 2.5 0.017673 0.00042281
6 2.5 0.0176075 0.00035738
7 2.5 0.0175014 0.000321708
8 2.5 0.0180137 0.000555796
9 2.5 0.0178861 0.00050847
10 2.5 0.0178992 0.000457791
1 2.6 0.0165188 0
2 2.6 0.0169634 0.00031438
3 2.6 0.0168255 0.000237929
4 2.6 0.0170183 0.000244401
5 2.6 0.0173367 0.000345458
6 2.6 0.0171619 0.000329172
7 2.6 0.0171022 0.000287499
8 2.6 0.0172481 0.000286163
9 2.6 0.0171062 0.000287372
10 2.6 0.0169912 0.000280697
1 2.7 0.0139124 0
2 2.7 0.0152058 0.000914572
3 2.7 0.014952 0.000643968
4 2.7 0.0155458 0.000705489
5 2.7 0.0158226 0.000616291
6 2.7 0.0153493 0.000671142
7 2.7 0.0155127 0.000594828
8 2.7 0.0154832 0.000521207
9 2.7 0.0152204 0.000525386
10 2.7 0.015379 0.000496233
1 2.8 0.0157224 0
2 2.8 0.0144534 0.000897319
3 2.8 0.0137184 0.000847354
4 2.8 0.0137796 0.000637721
5 2.8 0.0138397 0.000512999
6 2.8 0.0132931 0.000657072
7 2.8 0.0134875 0.000591269
8 2.8 0.0132105 0.000578634
9 2.8 0.0133792 0.000538398
10 2.8 0.013544 0.000509143
1 2.9 0.0130676 0
2 2.9 0.0129288 9.81464e-05
3 2.9 0.012988 8.13489e-05
4 2.9 0.013417 0.000376501
5 2.9 0.0137223 0.000406569
6 2.9 0.0137159 0.000338859
7 2.9 0.0137947 0.00029949
8 2.9 0.0135244 0.000364172
9 2.9 0.0136261 0.00033762
10 2.9 0.0137221 0.000317209
