1 0.5 77.6395 0
2 0.5 78.3689 0.515737
3 0.5 78.8671 0.53263
4 0.5 78.9957 0.41471
5 0.5 78.9657 0.332855
6 0.5 78.8788 0.288499
7 0.5 78.9137 0.249388
8 0.5 78.867 0.222536
9 0.5 79.0078 0.238205
10 0.5 79.085 0.226559
1 0.6 43.031 0
2 0.6 43.8948 0.610783
3 0.6 43.6906 0.43999
4 0.6 43.9374 0.393151
5 0.6 43.969 0.315784
6 0.6 43.8165 0.297709
7 0.6 43.7218 0.269809
8 0.6 43.9114 0.295291
9 0.6 43.8349 0.272225
10 0.6 43.8082 0.2463
1 0.7 23.6724 0
2 0.7 24.4343 0.538755
3 0.7 24.2761 0.381697
4 0.7 24.5067 0.349055
5 0.7 24.6042 0.292526
6 0.7 24.6947 0.257389
7 0.7 24.7535 0.227255
8 0.7 24.7176 0.201674
9 0.7 24.7453 0.181156
10 0.7 24.747 0.163049
1 0.8 15.5448 0
2 0.8 15.4793 0.0463243
3 0.8 15.3246 0.130061
4 0.8 15.4085 0.121671
5 0.8 15.1534 0.24806
6 0.8 15.1621 0.206868
7 0.8 15.1534 0.177498
8 0.8 15.1388 0.155912
9 0.8 15.1125 0.140784
10 0.8 15.1475 0.130976
1 0.9 10.3476 0
2 0.9 10.3557 0.00574234
3 0.9 10.3495 0.00631636
4 0.9 10.3925 0.0375543
5 0.9 10.2997 0.0882947
6 0.9 10.2876 0.0744034
7 0.9 10.2616 0.0681654
8 0.9 10.2659 0.059778
9 0.9 10.2537 0.0543731
10 0.9 10.2654 0.0501839
1 1 7.53021 0
2 1 7.46901 0.0432763
3 1 7.47478 0.0292329
4 1 7.4749 0.0219249
5 1 7.43578 0.0391385
6 1 7.45673 0.0378098
7 1 7.46059 0.0326047
8 1 7.43579 0.0367703
9 1 7.42925 0.0332626
10 1 7.41772 0.0318694
1 1.1 5.61003 0
2 1.1 5.60817 0.00132165
3 1.1 5.59666 0.00943342
4 1.1 5.60682 0.0112884
5 1.1 5.58668 0.0201535
6 1.1 5.59909 0.0202589
7 1.1 5.60018 0.017394
8 1.1 5.58777 0.0191379
9 1.1 5.58729 0.0170174
10 1.1 5.58761 0.0153186
1 1.2 4.35916 0
2 1.2 4.41975 0.0428452
3 1.2 4.43558 0.0313507
4 1.2 4.42962 0.0240723
5 1.2 4.43097 0.0192953
6 1.2 4.43013 0.0160977
7 1.2 4.42775 0.0139721
8 1.2 4.41022 0.0204527
9 1.2 4.40535 0.0187519
10 1.2 4.41428 0.0188827
1 1.3 3.50738 0
2 1.3 3.55765 0.0355472
3 1.3 3.55604 0.0237346
4 1.3 3.54715 0.0193933
5 1.3 3.55354 0.0165341
6 1.3 3.56522 0.017422
7 1.3 3.56494 0.0149355
8 1.3 3.56771 0.0133223
9 1.3 3.56875 0.0118825
10 1.3 3.56908 0.010699
1 1.4 2.93595 0
2 1.4 2.9413 0.00378646
3 1.4 2.92854 0.0107208
4 1.4 2.92645 0.00824138
5 1.4 2.94562 0.0183696
6 1.4 2.95084 0.0160317
7 1.4 2.95541 0.0143769
8 1.4 2.95493 0.0125875
9 1.4 2.95932 0.0119271
10 1.4 2.96615 0.0125418
1 1.5 2.50797 0
2 1.5 2.52757 0.0138629
3 1.5 2.52439 0.00960125
4 1.5 2.53131 0.00937025
5 1.5 2.5275 0.0082359
6 1.5 2.52903 0.00700504
7 1.5 2.52598 0.00663696
8 1.5 2.53275 0.00859129
9 1.5 2.53387 0.00770985
10 1.5 2.53577 0.00716891
1 1.6 2.18988 0
2 1.6 2.18266 0.0051039
3 1.6 2.18077 0.00373495
4 1.6 2.17418 0.00636006
5 1.6 2.17918 0.00677204
6 1.6 2.17819 0.00571469
7 1.6 2.17426 0.00610348
8 1.6 2.17379 0.00535831
9 1.6 2.17222 0.00498946
10 1.6 2.17349 0.00464908
1 1.7 1.89802 0
2 1.7 1.88723 0.0076311
3 1.7 1.89385 0.00742228
4 1.7 1.89896 0.00711531
5 1.7 1.90218 0.00637766
6 1.7 1.90301 0.00536834
7 1.7 1.90208 0.0046811
8 1.7 1.90085 0.00425529
9 1.7 1.90044 0.00380153
10 1.7 1.8998 0.00347519
1 1.8 1.70091 0
2 1.8 1.6798 0.0149294
3 1.8 1.68075 0.00998328
4 1.8 1.68289 0.00771406
5 1.8 1.68438 0.00631349
6 1.8 1.68537 0.00533778
7 1.8 1.68716 0.00486545
8 1.8 1.69033 0.00518729
9 1.8 1.68946 0.00468299
10 1.8 1.69183 0.00477864
1 1.9 1.50542 0
2 1.9 1.50518 0.000171492
3 1.9 1.50964 0.0036401
4 1.9 1.50822 0.00299419
5 1.9 1.50533 0.00352142
6 1.9 1.50409 0.00314633
7 1.9 1.50266 0.00300287
8 1.9 1.503 0.00264691
9 1.9 1.50517 0.00311753
10 1.9 1.5051 0.00280653
1 2 1.35658 0
2 2 1.35373 0.00201667
3 2 1.35975 0.00509891
4 2 1.36117 0.00401592
5 2 1.35839 0.00406181
6 2 1.35849 0.00338603
7 2 1.36041 0.00340549
8 2 1.36088 0.00301118
9 2 1.36139 0.00271926
10 2 1.36126 0.00245008
1 2.1 1.22595 0
2 2.1 1.22975 0.00268606
3 2.1 1.22953 0.00179937
4 2.1 1.23054 0.00160414
5 2.1 1.23224 0.00199252
6 2.1 1.23488 0.00292873
7 2.1 1.23262 0.00327146
8 2.1 1.23346 0.00296972
9 2.1 1.2336 0.00264318
10 2.1 1.2331 0.00242679
1 2.2 1.13799 0
2 2.2 1.13312 0.00344682
3 2.2 1.13101 0.00287101
4 2.2 1.13112 0.00215541
5 2.2 1.12809 0.0032152
6 2.2 1.12792 0.00268394
7 2.2 1.1272 0.00239529
8 2.2 1.1277 0.00214791
9 2.2 1.12861 0.00209447
10 2.2 1.12863 0.00188509
1 2.3 1.03685 0
2 2.3 1.03195 0.00346421
3 2.3 1.03585 0.00393293
4 2.3 1.03832 0.00364428
5 2.3 1.03815 0.00291955
6 2.3 1.03877 0.00249933
7 2.3 1.03725 0.00256785
8 2.3 1.03657 0.00233498
9 2.3 1.03803 0.00249027
10 2.3 1.03756 0.0022839
1 2.4 0.958934 0
2 2.4 0.962164 0.00228407
3 2.4 0.96106 0.00176964
4 2.4 0.961635 0.0014176
5 2.4 0.962284 0.00127396
6 2.4 0.960292 0.00210498
7 2.4 0.95968 0.00189122
8 2.4 0.95977 0.00165698
9 2.4 0.958937 0.00166922
10 2.4 0.959126 0.00151298
1 2.5 0.891882 0
2 2.5 0.893014 0.000800445
3 2.5 0.890875 0.00182622
4 2.5 0.892172 0.00177101
5 2.5 0.891922 0.0014343
6 2.5 0.892833 0.00145637
7 2.5 0.89276 0.00125017
8 2.5 0.892992 0.00111527
9 2.5 0.893536 0.00111616
10 2.5 0.892068 0.00171742
1 2.6 0.825358 0
2 2.6 0.825595 0.000167965
3 2.6 0.828246 0.00216707
4 2.6 0.828285 0.00162567
5 2.6 0.829688 0.00180701
6 2.6 0.829631 0.00150675
7 2.6 0.829693 0.0012928
8 2.6 0.829622 0.00113317
9 2.6 0.829543 0.00100996
10 2.6 0.830285 0.00114928
1 2.7 0.776445 0
2 2.7 0.778717 0.00160707
3 2.7 0.777582 0.00141687
4 2.7 0.779697 0.00211783
5 2.7 0.780296 0.00177687
6 2.7 0.779613 0.00160664
7 2.7 0.778935 0.00151349
8 2.7 0.778307 0.00144866
9 2.7 0.778425 0.00129248
10 2.7 0.778388 0.00116374
1 2.8 0.733875 0
2 2.8 0.729697 0.00295449
3 2.8 0.730066 0.00199254
4 2.8 0.731045 0.00171814
5 2.8 0.731765 0.00151794
6 2.8 0.730397 0.00177718
7 2.8 0.729189 0.00188995
8 2.8 0.728934 0.00167076
9 2.8 0.729003 0.00148654
10 2.8 0.729499 0.0014183
1 2.9 0.692184 0
2 2.9 0.689669 0.0017784
3 2.9 0.690366 0.00131538
4 2.9 0.689906 0.001064
5 2.9 0.689467 0.00093757
6 2.9 0.688496 0.00118167
7 2.9 0.687149 0.00160625
8 2.9 0.687162 0.00140553
9 2.9 0.686753 0.00130767
10 2.9 0.686568 0.00118987
