15.4595
11.9129
11.7224
10.7607
10.8406
9.94673
9.92908
8.5683
8.5941
8.13719
8.06279
9.44843
7.74042
7.44964
7.12274
7.12274
7.12274
7.12274
7.12274
7.84829
7.12274
7.12274
6.94641
7.92066
8.51851
6.94641
7.1335
6.53546
6.97046
6.53546
6.38446
6.32836
7.00893
6.84627
6.20475
6.19094
6.24135
6.6877
7.2792
6.41462
6.15269
6.15269
6.15269
6.15269
6.15269
6.15269
6.15269
6.15269
6.15269
6.15269
6.15269
6.15269
6.60457
6.15269
5.9299
5.77346
5.77346
5.77346
5.77346
5.77346
5.77346
6.05296
5.77346
5.77346
5.77346
6.53673
6.54112
5.58837
6.15462
5.58837
5.58837
5.58837
5.58837
5.58837
5.58837
5.58837
5.58837
5.58837
5.58837
5.58837
6.74259
5.58826
7.25178
7.10599
5.58826
5.58826
5.58826
6.47682
5.58826
6.49052
6.55
5.58826
6.70242
5.58826
5.58826
5.58826
5.58826
5.58826
5.58826
7.01872
5.58826
5.58826
6.53704
5.58826
5.58826
6.85985
5.58826
5.58826
5.58826
5.58826
5.58826
5.58826
5.58826
5.58826
5.58826
5.58826
5.80471
5.80411
5.58826
5.58826
5.58826
5.58826
5.58826
5.58826
5.58826
6.62272
5.58826
6.71114
8.36058
5.58826
5.58826
5.63899
6.8289
7.16327
5.58826
5.58826
6.67098
5.58826
5.58826
5.58826
5.58826
5.80471
5.58826
6.47682
5.58826
5.74058
5.77534
6.36219
6.27136
5.58826
5.58826
5.58826
5.58826
5.58826
5.58826
5.58826
5.58826
5.58826
5.58826
5.58826
7.0442
5.97755
7.8895
5.97755
5.97755
5.97755
5.97755
5.82637
6.18894
7.18852
5.97755
7.37123
6.88049
5.97755
7.90146
5.97755
5.97755
5.79371
6.32009
6.65282
5.97755
5.97755
5.97755
6.76805
5.97755
6.63338
5.97755
5.97755
5.97755
5.97755
5.97755
6.54779
5.97755
5.97755
5.97755
5.97755
5.97755
7.20634
5.58826
5.58826
5.58826
6.32994
5.58826
5.58826
5.58826
5.58826
6.38655
5.71919
5.36525
7.12672
6.52102
8.05111
6.52102
5.58826
5.58826
5.58826
8.00007
6.85427
5.58826
5.58826
6.95171
5.58826
6.53704
6.66999
5.58826
5.58826
5.58826
5.58826
5.58826
5.95222
5.58826
6.01956
5.58826
5.58826
5.58826
5.58826
5.58826
6.62272
5.58826
5.58826
5.58826
6.58693
5.58826
5.58826
6.62955
5.58826
5.58826
5.58826
5.58826
5.58826
5.54815
5.44751
7.0958
5.54815
5.54815
5.98245
5.49247
6.96297
6.62629
5.49247
5.49247
5.49247
5.49247
5.49247
5.61437
5.61437
5.61437
5.48314
5.48314
6.5154
6.93942
6.27602
6.74233
5.48314
5.48314
7.44248
5.48314
5.56881
5.48314
6.69714
5.48314
5.48314
5.90004
5.48314
5.48314
5.34464
5.48314
7.12933
6.60097
5.48314
6.74233
7.14757
6.14327
5.38072
6.81355
5.08699
4.90858
4.9523
6.66111
4.73609
4.73609
4.73609
4.73609
4.73609
4.73609
4.73609
5.84093
6.1477
6.77756
4.73609
4.72896
5.20301
4.72896
4.72896
4.72896
4.72896
4.72336
4.72336
6.47019
4.72336
5.59119
4.72336
4.72336
4.72336
4.72336
4.72336
4.72336
4.72336
5.42248
6.90892
4.72336
4.72336
5.1903
5.27175
6.10232
4.72336
4.72336
4.72336
5.86202
4.72336
4.72336
4.72336
4.72336
4.72336
6.39883
5.2772
4.72336
4.72336
4.72336
4.72336
4.72336
5.87826
6.0017
4.72336
5.12406
6.48926
4.72336
4.72336
5.79689
6.21968
4.72336
4.72336
5.76735
6.05393
5.93701
6.25322
4.72336
4.72336
4.72336
4.72336
7.52588
4.96726
4.72336
4.72336
5.51386
5.67616
4.72336
4.72336
4.72336
4.72336
5.83198
4.72336
4.72336
4.72336
4.72336
6.62831
4.72336
4.72336
4.72336
4.72336
5.83986
4.72336
4.72336
4.72336
4.72336
4.72336
4.72336
6.46733
6.41075
5.39226
6.57841
4.72336
5.79689
4.72336
5.82514
4.72336
4.72336
4.72336
4.72336
4.72336
4.72336
6.31724
4.72336
4.72336
5.12668
4.72336
4.72336
4.72336
4.72336
4.72336
7.17966
4.72336
4.72336
4.72336
6.41868
4.72336
6.14557
5.2772
4.72336
4.72336
6.67174
4.72336
6.41075
6.41868
4.72336
4.72336
4.72336
4.72336
5.0963
6.68938
4.72336
4.72336
4.72336
4.72336
5.73792
4.72336
4.72336
4.72336
4.72336
5.79689
4.72336
4.72336
5.67034
4.72336
4.72336
4.72336
5.3489
4.72336
4.72336
4.72336
6.90892
4.72336
4.72336
4.72336
5.15069
4.72336
4.72336
4.72336
4.72336
4.72336
4.72336
5.86202
4.72336
4.72336
4.72336
4.72336
4.72336
4.72336
4.72336
4.72336
6.12282
4.72336
4.72336
4.72336
4.72336
4.72336
4.72336
4.72336
4.72336
7.36535
6.5804
6.41868
4.72336
5.15069
4.94446
5.06816
6.39883
6.39883
7.68615
4.72336
4.72336
4.72336
4.72336
6.33202
7.27832
4.72336
6.47019
4.72336
4.72336
6.62831
4.72336
4.72336
5.06816
4.72336
4.72336
4.72336
6.14557
4.72336
5.2772
4.72336
4.72336
4.72336
5.70256
4.72336
4.72336
4.72336
4.72336
4.72336
4.72336
4.72336
4.72336
4.72336
5.26406
4.72336
4.72336
4.72336
4.72336
4.72336
4.72336
4.72336
4.72336
4.72336
5.75418
4.72336
4.72336
5.52297
4.72336
4.72336
4.72336
4.72336
4.72336
4.72336
4.72336
4.72336
4.72336
5.04414
4.72336
4.72336
4.72336
4.72336
6.2267
5.48183
4.72336
4.72336
4.72336
6.09416
6.13499
5.24917
5.1903
4.72336
6.90892
4.72336
5.75839
4.72336
4.83014
4.72336
6.14557
4.72336
5.4441
7.00485
4.72336
4.72336
4.72336
5.45816
4.72336
4.72336
4.72336
4.72336
4.72336
4.72336
6.41868
6.24821
4.79389
4.72336
4.72336
6.90892
4.72336
4.72336
6.1614
4.72336
