15.876
12.1264
11.3954
10.9067
10.3103
10.1782
9.41767
8.80848
8.45646
8.34728
8.45738
8.59076
8.00803
7.50284
7.37237
7.43557
7.29856
7.35874
7.46811
7.4012
7.37847
7.33529
7.25918
7.12181
7.26798
7.16048
7.1139
6.85688
6.8199
6.81745
6.64341
6.49003
6.51227
6.43765
6.45872
6.47935
6.6589
6.59615
6.54871
6.67576
6.45629
6.49002
6.41419
6.46578
6.37599
6.40557
6.39215
6.45902
6.3814
6.41108
6.34178
6.37668
6.4285
6.37762
6.17723
6.08534
6.02826
5.99294
6.01684
6.08246
6.13206
6.04158
6.05631
6.05575
6.12723
6.15179
5.89124
5.86939
5.84942
5.91578
5.87331
5.94777
5.88671
5.93868
5.90067
5.96343
5.87871
5.94545
5.81096
5.86698
5.87686
5.78763
5.87968
5.91504
5.81931
5.83191
5.90436
5.85448
5.93533
5.88679
5.88214
5.84566
5.83174
5.85071
5.88243
5.89197
5.88503
5.9052
5.88898
5.87344
5.77894
5.89729
5.86006
5.82493
5.91916
5.80863
5.81916
5.8554
5.84651
5.93503
5.84623
5.87169
5.85111
5.87032
5.92438
5.86441
5.87951
5.89388
5.91475
5.90186
5.84085
5.94962
5.78988
5.88237
5.87151
5.9282
5.87797
5.8694
5.91406
5.89763
5.91389
5.91161
5.89195
5.81388
5.78902
5.97528
5.88012
5.86443
5.84407
5.8787
5.86945
5.77245
5.83406
5.86845
5.84641
5.83174
5.89678
5.82688
5.81917
5.85896
5.88501
5.83418
5.78971
5.78259
5.89189
5.8674
5.80212
5.84202
5.82231
5.86963
6.1948
6.19278
6.2188
6.24811
6.26382
6.22423
6.3049
6.27997
6.33919
6.15833
6.18971
6.26242
6.2672
6.25133
6.28903
6.29199
6.24539
6.2317
6.23685
6.20544
6.19766
6.17965
6.15264
6.22039
6.17641
6.28564
6.19534
6.21574
6.23914
6.24865
6.20138
6.30832
6.20851
6.2182
6.17436
6.25154
6.19021
6.15871
5.84128
5.84306
5.81317
5.91433
5.81904
5.87325
5.93766
5.88987
5.82439
5.79565
5.94932
5.91848
5.88214
5.92348
5.82746
5.84418
5.96156
5.83226
5.89099
5.90996
5.89867
5.878
5.87734
5.90255
5.87876
5.84014
5.87597
5.81855
5.89775
5.80342
5.99951
5.89086
5.85223
6.02428
5.86542
5.86358
5.94202
5.84172
5.82893
5.89898
5.94784
5.84653
5.89905
5.82515
5.91232
5.8728
5.91122
5.86553
5.96141
5.89454
5.89241
5.89023
5.78212
5.81105
5.81074
5.83996
5.91051
5.88985
5.77222
5.79708
5.80611
5.77589
5.72519
5.76342
5.9289
5.78911
5.84302
5.89623
5.84506
5.78741
5.78874
5.69477
5.73053
5.7139
5.83872
5.76683
5.83858
5.8088
5.77491
5.78751
5.69507
5.81496
5.80418
5.81907
5.76651
5.79476
5.81961
5.76035
5.69437
5.79803
5.7593
5.71887
5.79955
5.77498
5.82087
5.77303
5.50523
5.48526
5.26847
5.15686
5.23137
5.15333
5.21862
5.11555
5.15677
5.28675
5.15541
5.17649
5.1448
5.19348
5.0748
5.20991
5.22537
5.07394
5.1325
5.20243
5.14639
5.21761
5.01939
5.17854
5.20739
5.0812
5.11271
5.13084
5.07967
5.10624
5.19293
5.20361
5.13344
5.22338
5.11384
5.10163
5.15357
5.16763
5.18046
5.14248
5.14668
5.12407
5.12671
5.22976
5.03893
5.15405
5.10368
5.16978
5.16042
5.083
5.11519
5.10944
5.05295
5.14825
5.16328
5.17915
5.23119
5.19409
5.16646
5.2401
5.25842
5.20729
5.17743
5.13501
5.23179
5.276
5.05263
5.15426
5.10583
5.09914
5.09566
5.27854
5.09768
5.12159
5.05761
5.07184
5.13551
5.20432
5.17686
5.14741
5.02565
5.03906
5.09134
5.20999
5.16105
5.17954
5.10196
5.04789
5.1149
5.11464
5.18516
5.21159
5.16764
5.1378
5.23295
5.06521
5.07393
5.09934
5.22157
5.19881
5.14683
5.12425
5.1117
5.09402
4.99494
5.04826
5.17696
5.20965
5.05681
5.09484
5.07043
5.15099
5.03195
5.09523
5.07268
5.09079
5.09851
5.1005
5.13056
5.12688
5.17281
5.13382
5.16243
5.21019
5.18905
5.02449
5.18639
5.10594
5.24735
5.14305
5.07808
5.14753
5.12735
5.12749
5.13469
5.04582
5.1827
5.11048
5.1633
5.22097
5.2638
5.18115
5.30124
4.99972
5.23509
5.00196
5.12748
5.30148
5.14201
5.15658
5.13222
5.23194
5.06776
5.12195
5.11457
5.16103
5.157
5.08048
5.08758
5.13855
5.13368
5.17878
5.12638
5.15683
5.10839
5.08086
5.16332
5.12995
5.26119
5.1275
5.05312
5.1926
5.23038
5.16552
5.25393
5.10297
5.04725
5.26019
5.06585
5.08966
5.11308
5.07971
5.10657
5.1951
5.12604
5.07459
5.23634
5.18098
5.22302
5.14837
5.10612
5.08018
5.26039
5.17454
5.15587
5.11873
5.09139
5.17134
5.20652
5.16146
5.23984
5.13191
5.10124
4.95785
5.17027
5.22855
5.17634
5.12297
5.17422
5.25849
5.17916
5.2122
5.16973
5.05632
5.13613
5.22286
5.10086
5.179
5.10951
5.16671
5.17379
5.08065
5.13216
5.13718
5.05176
5.01713
5.23078
5.06762
5.15862
5.25672
5.16234
5.15787
5.10515
5.13053
5.15697
5.10813
5.11749
5.2503
5.17284
5.17103
5.05331
5.23819
5.06501
5.11374
5.05782
5.11039
5.02189
5.16985
5.13251
5.0967
5.16363
5.13935
5.19304
5.12342
5.12652
5.10674
5.17525
5.11562
5.14492
5.12421
5.13149
5.26378
5.11381
5.1278
5.15333
5.21641
5.23143
5.20074
5.15343
5.11726
5.03678
5.11126
5.07543
5.11645
5.06979
5.29227
5.2241
5.2281
5.154
5.12165
5.19336
5.17696
5.10814
5.18563
5.13394
5.1261
5.09244
5.16081
5.1669
5.19989
5.04895
5.0517
5.07499
5.0082
5.06197
5.15029
5.0547
5.0869
5.14826
5.08454
5.19528
5.11751
5.04437
5.12951
5.20963
5.08264
