1 -0.442998 -0.442998 0
2 -0.442494 -0.442746 0.000178299
3 -0.445504 -0.443665 0.000760032
4 -0.446665 -0.444415 0.000864043
5 -0.447541 -0.44504 0.000889095
6 -0.446804 -0.445334 0.000788003
7 -0.446201 -0.445458 0.000685084
8 -0.440311 -0.444815 0.000849469
9 -0.443857 -0.444708 0.000761723
10 -0.447136 -0.444951 0.000723211
11 -0.442295 -0.44471 0.000696612
12 -0.446049 -0.444821 0.000647446
13 -0.442547 -0.444646 0.000620818
14 -0.441491 -0.444421 0.00061602
15 -0.446131 -0.444535 0.000585412
16 -0.442456 -0.444405 0.000563063
17 -0.446762 -0.444544 0.000546746
18 -0.444062 -0.444517 0.000517026
19 -0.442195 -0.444395 0.000504049
20 -0.449217 -0.444636 0.000533402
21 -0.443193 -0.444567 0.000512404
22 -0.445839 -0.444625 0.000492364
23 -0.443881 -0.444593 0.000472019
24 -0.440702 -0.44443 0.00047938
25 -0.440644 -0.444279 0.000483543
26 -0.448542 -0.444443 0.000491964
27 -0.443377 -0.444403 0.000475325
28 -0.44114 -0.444287 0.000472424
29 -0.444951 -0.44431 0.000456689
30 -0.44264 -0.444254 0.000444847
31 -0.442145 -0.444186 0.000435668
32 -0.437463 -0.443976 0.000469987
33 -0.449106 -0.444132 0.000480769
34 -0.44635 -0.444197 0.000471034
35 -0.443705 -0.444183 0.000457786
36 -0.444347 -0.444187 0.000445092
37 -0.446706 -0.444255 0.000438239
38 -0.443761 -0.444242 0.0004269
39 -0.443266 -0.444217 0.000416687
40 -0.445728 -0.444255 0.000407978
41 -0.445121 -0.444276 0.000398575
42 -0.451707 -0.444453 0.000426549
43 -0.441828 -0.444392 0.000420974
44 -0.445156 -0.444409 0.000411765
45 -0.44571 -0.444438 0.000403627
46 -0.444784 -0.444446 0.000394923
47 -0.44048 -0.444361 0.000395431
48 -0.444188 -0.444358 0.000387209
49 -0.442955 -0.444329 0.000380363
50 -0.446634 -0.444375 0.000375539
51 -0.444432 -0.444376 0.000368177
52 -0.442124 -0.444333 0.000363635
53 -0.444776 -0.444341 0.00035687
54 -0.447004 -0.444391 0.000353652
55 -0.445436 -0.44441 0.000347733
56 -0.441824 -0.444364 0.000344575
57 -0.447001 -0.44441 0.000341622
58 -0.44556 -0.44443 0.000336306
59 -0.444065 -0.444424 0.000330663
60 -0.438316 -0.444322 0.000340461
61 -0.44616 -0.444352 0.000336211
62 -0.443569 -0.444339 0.000331025
63 -0.442214 -0.444306 0.000327484
64 -0.439857 -0.444236 0.00032966
65 -0.443138 -0.444219 0.000325021
66 -0.445308 -0.444236 0.000320515
67 -0.444316 -0.444237 0.000315733
68 -0.439912 -0.444173 0.00031743
69 -0.443736 -0.444167 0.000312893
70 -0.440495 -0.444114 0.00031279
71 -0.445125 -0.444129 0.000308708
72 -0.447417 -0.444174 0.000307779
73 -0.442678 -0.444154 0.000304245
74 -0.44408 -0.444153 0.000300135
75 -0.442392 -0.444129 0.00029705
76 -0.441192 -0.444091 0.000295646
77 -0.44509 -0.444104 0.000292091
78 -0.445045 -0.444116 0.000288595
79 -0.445478 -0.444133 0.000285457
80 -0.446499 -0.444163 0.000283417
81 -0.443039 -0.444149 0.000280257
82 -0.444272 -0.44415 0.000276844
83 -0.445491 -0.444166 0.000273979
84 -0.445294 -0.44418 0.000271046
85 -0.448676 -0.444233 0.000272971
86 -0.441467 -0.444201 0.000271685
87 -0.444676 -0.444206 0.000268617
88 -0.435892 -0.444112 0.000281689
89 -0.443382 -0.444103 0.000278643
90 -0.444822 -0.444111 0.000275661
91 -0.443931 -0.444109 0.000272639
92 -0.444147 -0.44411 0.000269676
93 -0.446315 -0.444133 0.000267817
94 -0.441891 -0.44411 0.000266028
95 -0.448301 -0.444154 0.000266861
96 -0.4401 -0.444111 0.0002674
97 -0.443905 -0.444109 0.000264652
98 -0.443795 -0.444106 0.000261971
99 -0.441036 -0.444075 0.000261153
100 -0.44335 -0.444068 0.000258643
