-3 0 1.66667e-06
-2.94 1.66667e-06 5.26783e-06
-2.88 6.66667e-06 9.25563e-06
-2.82 1.83333e-05 1.07742e-05
-2.76 2.5e-05 1.35144e-05
-2.7 3e-05 1.10252e-05
-2.64 3.83333e-05 1.6134e-05
-2.58 6.5e-05 3.13931e-05
-2.52 0.000196667 3.29461e-05
-2.46 0.000233333 7.89339e-05
-2.4 0.000615 8.0284e-05
-2.34 0.000843333 0.000125007
-2.28 0.0013 0.000174045
-2.22 0.00198167 0.000280187
-2.16 0.00320833 0.000414453
-2.1 0.00504 0.000580616
-2.04 0.007485 0.000851833
-1.98 0.0111367 0.001155
-1.92 0.0158017 0.00161446
-1.86 0.0223717 0.00224119
-1.8 0.0313983 0.00286403
-1.74 0.042305 0.00369196
-1.68 0.0559317 0.00480612
-1.62 0.0735317 0.00595785
-1.56 0.0944167 0.00723165
-1.5 0.118712 0.00847405
-1.44 0.145627 0.00970497
-1.38 0.174763 0.0113999
-1.32 0.208458 0.0125328
-1.26 0.243037 0.0128713
-1.2 0.274762 0.014224
-1.14 0.309235 0.0146187
-1.08 0.341832 0.0133539
-1.02 0.366777 0.0133758
-0.96 0.390157 0.011464
-0.9 0.406445 0.00930177
-0.84 0.416688 0.00621086
-0.78 0.421037 0.00076859
-0.72 0.420783 0.00908592
-0.66 0.410668 0.0078479
-0.6 0.402888 0.0114426
-0.54 0.3861 0.0111775
-0.48 0.36933 0.0119155
-0.42 0.3494 0.0106447
-0.36 0.332618 0.00971915
-0.3 0.317875 0.00936553
-0.24 0.303527 0.00847265
-0.18 0.291238 0.00573838
-0.12 0.285365 0.00588016
-0.06 0.279042 0.00233347
0 0.279833 0.00442228
0.06 0.283132 0.00683454
0.12 0.291037 0.0083864
0.18 0.302688 0.00932671
0.24 0.316588 0.0102364
0.3 0.332485 0.011143
0.36 0.35046 0.0118955
0.42 0.369888 0.0116973
0.48 0.38761 0.0107837
0.54 0.4021 0.0092397
0.6 0.412348 0.0084872
0.66 0.420775 0.00443094
0.72 0.422917 0.00598109
0.78 0.418463 0.0096378
0.84 0.407028 0.0115841
0.9 0.389935 0.0132595
0.96 0.366477 0.013259
1.02 0.341385 0.0148743
1.08 0.307047 0.0133351
1.14 0.276368 0.0134621
1.2 0.241142 0.0122441
1.26 0.207565 0.0112149
1.32 0.174425 0.00969797
1.38 0.14483 0.00834538
1.44 0.11812 0.00731668
1.5 0.0924917 0.00548297
1.56 0.0742133 0.00485324
1.62 0.0559333 0.00362589
1.68 0.0423883 0.0028882
1.74 0.0307867 0.00203283
1.8 0.0229133 0.00162467
1.86 0.0159617 0.0011284
1.92 0.01102 0.000780369
1.98 0.00752667 0.00052303
2.04 0.00517167 0.000359274
2.1 0.0035 0.000235461
2.16 0.002355 0.000174537
2.22 0.00138833 9.87687e-05
2.28 0.000765 3.91511e-05
2.34 0.000491667 3.29878e-05
2.4 0.000353333 2.02457e-05
2.46 0.000235 1.2339e-05
2.52 9e-05 7.66667e-06
2.58 1.33333e-05 1.90292e-05
2.64 4.83333e-05 8.09492e-06
2.7 2e-05 2e-06
2.76 0 6.87184e-06
2.82 8.33333e-06 8.33333e-07
2.88 0 0
2.94 0 0
