1 0.5 -0.972414 0
2 0.5 -0.97343 0.000718138
3 0.5 -0.97395 0.000639687
4 0.5 -0.97409 0.000494848
5 0.5 -0.97398 0.000407904
6 0.5 -0.973881 0.000351701
7 0.5 -0.973955 0.000309086
8 0.5 -0.973899 0.000275426
9 0.5 -0.974072 0.000294471
10 0.5 -0.974149 0.000274928
1 0.6 -0.933252 0
2 0.6 -0.93435 0.00077612
3 0.6 -0.933978 0.000599647
4 0.6 -0.934471 0.000619881
5 0.6 -0.93448 0.000495964
6 0.6 -0.934452 0.000414051
7 0.6 -0.93435 0.000367327
8 0.6 -0.934581 0.000387271
9 0.6 -0.934473 0.000359011
10 0.6 -0.934413 0.000328033
1 0.7 -0.891389 0
2 0.7 -0.892421 0.000730017
3 0.7 -0.891979 0.000606016
4 0.7 -0.89219 0.000489891
5 0.7 -0.892243 0.000394791
6 0.7 -0.892393 0.000356351
7 0.7 -0.892375 0.000305886
8 0.7 -0.892356 0.000268299
9 0.7 -0.892426 0.000247634
10 0.7 -0.892357 0.000232355
1 0.8 -0.849427 0
2 0.8 -0.849174 0.000179322
3 0.8 -0.848811 0.00031954
4 0.8 -0.849065 0.000325614
5 0.8 -0.848554 0.00052629
6 0.8 -0.848503 0.000440987
7 0.8 -0.848361 0.000400263
8 0.8 -0.848424 0.00035516
9 0.8 -0.848139 0.000414736
10 0.8 -0.848233 0.000383753
1 0.9 -0.804358 0
2 0.9 -0.804753 0.000279449
3 0.9 -0.804823 0.000194965
4 0.9 -0.804797 0.000148027
5 0.9 -0.80467 0.000163995
6 0.9 -0.804583 0.000157802
7 0.9 -0.80437 0.000239514
8 0.9 -0.804392 0.00021059
9 0.9 -0.80424 0.00023564
10 0.9 -0.804346 0.000234576
1 1 -0.762497 0
2 1 -0.761881 0.000435295
3 1 -0.761987 0.00030289
4 1 -0.76204 0.000231611
5 1 -0.762067 0.00018687
6 1 -0.761964 0.000181589
7 1 -0.7619 0.000166639
8 1 -0.76183 0.000159766
9 1 -0.76178 0.000149696
10 1 -0.7618 0.000136023
1 1.1 -0.721391 0
2 1.1 -0.720729 0.000468105
3 1.1 -0.720873 0.000333369
4 1.1 -0.720822 0.000253868
5 1.1 -0.720776 0.000207248
6 1.1 -0.720675 0.000195565
7 1.1 -0.720627 0.000173477
8 1.1 -0.720606 0.000153092
9 1.1 -0.720473 0.000184989
10 1.1 -0.720472 0.000166492
1 1.2 -0.682652 0
2 1.2 -0.682751 7.0145e-05
3 1.2 -0.682896 0.000126939
4 1.2 -0.682873 9.7289e-05
5 1.2 -0.6829 8.15129e-05
6 1.2 -0.682827 9.49958e-05
7 1.2 -0.682709 0.000136013
8 1.2 -0.682519 0.000214017
9 1.2 -0.682412 0.000215218
10 1.2 -0.682361 0.000199832
1 1.3 -0.64642 0
2 1.3 -0.646523 7.29734e-05
3 1.3 -0.646535 4.96258e-05
4 1.3 -0.646457 7.75806e-05
5 1.3 -0.646597 0.000140302
6 1.3 -0.646572 0.000119198
7 1.3 -0.646634 0.000117433
8 1.3 -0.646551 0.000128957
9 1.3 -0.646491 0.000128045
10 1.3 -0.64655 0.00012839
1 1.4 -0.613235 0
2 1.4 -0.612976 0.000182999
3 1.4 -0.612782 0.000200454
4 1.4 -0.612881 0.000173414
5 1.4 -0.613192 0.000310138
6 1.4 -0.613227 0.000260508
7 1.4 -0.613249 0.000224204
8 1.4 -0.613232 0.00019684
9 1.4 -0.613202 0.000177219
10 1.4 -0.613249 0.000165631
1 1.5 -0.583071 0
2 1.5 -0.58309 1.35765e-05
3 1.5 -0.582925 0.000135732
4 1.5 -0.58276 0.000175118
5 1.5 -0.582887 0.000180112
6 1.5 -0.582804 0.000167898
7 1.5 -0.582769 0.000147584
8 1.5 -0.582839 0.000144915
9 1.5 -0.582863 0.000130817
10 1.5 -0.582841 0.000119572
1 1.6 -0.554527 0
2 1.6 -0.554463 4.55377e-05
3 1.6 -0.554545 7.39108e-05
4 1.6 -0.554556 5.62555e-05
5 1.6 -0.554693 0.000130036
6 1.6 -0.554491 0.000213568
7 1.6 -0.55436 0.00021981
8 1.6 -0.554413 0.000198697
9 1.6 -0.554481 0.000187742
10 1.6 -0.554553 0.000182516
1 1.7 -0.52823 0
2 1.7 -0.527933 0.000209586
3 1.7 -0.527788 0.000183244
4 1.7 -0.528234 0.000410296
5 1.7 -0.528336 0.000340698
6 1.7 -0.528158 0.000327344
7 1.7 -0.528192 0.000282305
8 1.7 -0.528288 0.000263072
9 1.7 -0.52832 0.000235679
10 1.7 -0.528333 0.000212474
1 1.8 -0.50449 0
2 1.8 -0.504372 8.28729e-05
3 1.8 -0.504356 5.68999e-05
4 1.8 -0.504536 0.000161509
5 1.8 -0.504454 0.000148572
6 1.8 -0.504388 0.000137692
7 1.8 -0.504459 0.000135105
8 1.8 -0.504575 0.000160955
9 1.8 -0.5046 0.000144912
10 1.8 -0.504632 0.00013405
1 1.9 -0.483 0
2 1.9 -0.482699 0.000212698
3 1.9 -0.482657 0.000145912
4 1.9 -0.482609 0.000117207
5 1.9 -0.482601 9.39843e-05
6 1.9 -0.482474 0.000140142
7 1.9 -0.482528 0.000130226
8 1.9 -0.482583 0.000124925
9 1.9 -0.482667 0.000136149
10 1.9 -0.482634 0.000126302
1 2 -0.461728 0
2 2 -0.462248 0.000367696
3 2 -0.462206 0.000247563
4 2 -0.46219 0.000186138
5 2 -0.462201 0.000149228
6 2 -0.462088 0.000161969
7 2 -0.462098 0.000139153
8 2 -0.462125 0.000124345
9 2 -0.462168 0.00011794
10 2 -0.462118 0.000116498
1 2.1 -0.442986 0
2 2.1 -0.443562 0.000407294
3 2.1 -0.443394 0.000304112
4 2.1 -0.443276 0.000249742
5 2.1 -0.443298 0.000200692
6 2.1 -0.443239 0.000175609
7 2.1 -0.443162 0.000166637
8 2.1 -0.443265 0.000174808
9 2.1 -0.44334 0.000170657
10 2.1 -0.443264 0.000169465
1 2.2 -0.425834 0
2 2.2 -0.425988 0.000108894
3 2.2 -0.425811 0.000161875
4 2.2 -0.425783 0.00012377
5 2.2 -0.425731 0.000109656
6 2.2 -0.42563 0.000129803
7 2.2 -0.425562 0.000127741
8 2.2 -0.425626 0.000126866
9 2.2 -0.425707 0.000136248
10 2.2 -0.425617 0.000149377
1 2.3 -0.408981 0
2 2.3 -0.409552 0.000404182
3 2.3 -0.409235 0.000373591
4 2.3 -0.409135 0.00029334
5 2.3 -0.409237 0.000251653
6 2.3 -0.409199 0.000212481
7 2.3 -0.409197 0.000182143
8 2.3 -0.409304 0.000188304
9 2.3 -0.409355 0.000174137
10 2.3 -0.409309 0.000162535
1 2.4 -0.393898 0
2 2.4 -0.394225 0.0002308
3 2.4 -0.39403 0.000221533
4 2.4 -0.394103 0.000177833
5 2.4 -0.394163 0.000152077
6 2.4 -0.394082 0.000146608
7 2.4 -0.394053 0.000128565
8 2.4 -0.394133 0.000135111
9 2.4 -0.394169 0.000124917
10 2.4 -0.394142 0.000115375
1 2.5 -0.379812 0
2 2.5 -0.380218 0.000287368
3 2.5 -0.379977 0.00027514
4 2.5 -0.380102 0.000233053
5 2.5 -0.380161 0.000193855
6 2.5 -0.380025 0.000203459
7 2.5 -0.379948 0.000188525
8 2.5 -0.379964 0.000165619
9 2.5 -0.379996 0.000150381
10 2.5 -0.379986 0.000135733
1 2.6 -0.367118 0
2 2.6 -0.367113 3.67695e-06
3 2.6 -0.366901 0.000173659
4 2.6 -0.366955 0.000138641
5 2.6 -0.366942 0.000111521
6 2.6 -0.36684 0.000131986
7 2.6 -0.366772 0.000129554
8 2.6 -0.366837 0.000128706
9 2.6 -0.366881 0.000121726
10 2.6 -0.366848 0.000113929
1 2.7 -0.354353 0
2 2.7 -0.354826 0.000334603
3 2.7 -0.354483 0.000358082
4 2.7 -0.354531 0.000271822
5 2.7 -0.354673 0.000251633
6 2.7 -0.354525 0.000249528
7 2.7 -0.354497 0.000215371
8 2.7 -0.354492 0.000188522
9 2.7 -0.354572 0.000183668
10 2.7 -0.354521 0.00017209
1 2.8 -0.342723 0
2 2.8 -0.342932 0.000147927
3 2.8 -0.342816 0.000136809
4 2.8 -0.342868 0.000111893
5 2.8 -0.343004 0.000150942
6 2.8 -0.342809 0.00021738
7 2.8 -0.342812 0.000186337
8 2.8 -0.342827 0.000163709
9 2.8 -0.342903 0.00016212
10 2.8 -0.342829 0.000161984
1 2.9 -0.331933 0
2 2.9 -0.332089 0.000110309
3 2.9 -0.33188 0.000185469
4 2.9 -0.332093 0.00023071
5 2.9 -0.332188 0.000203263
6 2.9 -0.331977 0.000256455
7 2.9 -0.331977 0.000219818
8 2.9 -0.331964 0.000192719
9 2.9 -0.332039 0.000185466
10 2.9 -0.331947 0.000188576
1 0.5 -0.97253 0
2 0.5 -0.973633 0.000779797
3 0.5 -0.973306 0.000584543
4 0.5 -0.972945 0.000538496
5 0.5 -0.974062 0.00108849
6 0.5 -0.973785 0.000941841
7 0.5 -0.973771 0.000807393
8 0.5 -0.9736 0.000724363
9 0.5 -0.973662 0.00064657
10 0.5 -0.973911 0.000627878
1 0.6 -0.934454 0
2 0.6 -0.935978 0.00107707
3 0.6 -0.936089 0.000723788
4 0.6 -0.93561 0.000683126
5 0.6 -0.935845 0.0005854
6 0.6 -0.936207 0.000589497
7 0.6 -0.936394 0.000533969
8 0.6 -0.93635 0.00046901
9 0.6 -0.936651 0.000504514
10 0.6 -0.936605 0.00045623
1 0.7 -0.889441 0
2 0.7 -0.891643 0.00155733
3 0.7 -0.891877 0.00105567
4 0.7 -0.891824 0.000793092
5 0.7 -0.891692 0.000645477
6 0.7 -0.892157 0.000685223
7 0.7 -0.891912 0.000629495
8 0.7 -0.892008 0.000558097
9 0.7 -0.891894 0.000507499
10 0.7 -0.891951 0.000459854
1 0.8 -0.847657 0
2 0.8 -0.848175 0.000366281
3 0.8 -0.848463 0.00033923
4 0.8 -0.84817 0.000359207
5 0.8 -0.848237 0.000293555
6 0.8 -0.848461 0.000318618
7 0.8 -0.848097 0.000433957
8 0.8 -0.848202 0.00039221
9 0.8 -0.848236 0.000350103
10 0.8 -0.848028 0.000371812
1 0.9 -0.804429 0
2 0.9 -0.804146 0.00019997
3 0.9 -0.804334 0.000203557
4 0.9 -0.804083 0.000266195
5 0.9 -0.804113 0.000214717
6 0.9 -0.804052 0.000187399
7 0.9 -0.804105 0.00016786
8 0.9 -0.804329 0.000255568
9 0.9 -0.8045 0.00027879
10 0.9 -0.804367 0.000280795
1 1 -0.761382 0
2 1 -0.761792 0.000289914
3 1 -0.761816 0.000194278
4 1 -0.761445 0.000352581
5 1 -0.761403 0.000284588
6 1 -0.761743 0.000390475
7 1 -0.761793 0.000337986
8 1 -0.761773 0.000296382
9 1 -0.761808 0.000265558
10 1 -0.761827 0.000239684
1 1.1 -0.720405 0
2 1.1 -0.721029 0.000441235
3 1.1 -0.720741 0.000376731
4 1.1 -0.720437 0.000385918
5 1.1 -0.720345 0.000319596
6 1.1 -0.720531 0.000316191
7 1.1 -0.720454 0.000280278
8 1.1 -0.720501 0.000249125
9 1.1 -0.720442 0.000228313
10 1.1 -0.72046 0.000206175
1 1.2 -0.681849 0
2 1.2 -0.682224 0.000265306
3 1.2 -0.681962 0.000277823
4 1.2 -0.681817 0.000242924
5 1.2 -0.681866 0.000199189
6 1.2 -0.681866 0.000165991
7 1.2 -0.682011 0.000195135
8 1.2 -0.682058 0.000176333
9 1.2 -0.682045 0.000157166
10 1.2 -0.682082 0.000145664
1 1.3 -0.646721 0
2 1.3 -0.646858 9.67322e-05
3 1.3 -0.646671 0.000165494
4 1.3 -0.646606 0.000136265
5 1.3 -0.646647 0.000115072
6 1.3 -0.646632 9.68748e-05
7 1.3 -0.646571 0.000100505
8 1.3 -0.646601 9.23475e-05
9 1.3 -0.646561 9.04888e-05
10 1.3 -0.646497 0.000101486
1 1.4 -0.613862 0
2 1.4 -0.613433 0.00030349
3 1.4 -0.613381 0.000206846
4 1.4 -0.613344 0.000158293
5 1.4 -0.613395 0.000134552
6 1.4 -0.613455 0.000124587
7 1.4 -0.613303 0.00017667
8 1.4 -0.613292 0.000154911
9 1.4 -0.613266 0.000139765
10 1.4 -0.613241 0.000128069
1 1.5 -0.582956 0
2 1.5 -0.582583 0.000263892
3 1.5 -0.582278 0.000304861
4 1.5 -0.582388 0.000247608
5 1.5 -0.58235 0.000200933
6 1.5 -0.582486 0.000208348
7 1.5 -0.582441 0.000183293
8 1.5 -0.582576 0.000203874
9 1.5 -0.582482 0.000201479
10 1.5 -0.582544 0.000190611
1 1.6 -0.555173 0
2 1.6 -0.554561 0.000432749
3 1.6 -0.554263 0.000377335
4 1.6 -0.554289 0.000283914
5 1.6 -0.554256 0.000229009
6 1.6 -0.554348 0.000208425
7 1.6 -0.554287 0.00018735
8 1.6 -0.554336 0.00017014
9 1.6 -0.554312 0.000152906
10 1.6 -0.55434 0.000140198
1 1.7 -0.530122 0
2 1.7 -0.529102 0.000721249
3 1.7 -0.528564 0.000651057
4 1.7 -0.528418 0.000504398
5 1.7 -0.528522 0.000414149
6 1.7 -0.528707 0.00038432
7 1.7 -0.528699 0.000329513
8 1.7 -0.528622 0.00029704
9 1.7 -0.528436 0.000317133
10 1.7 -0.528546 0.000303841
1 1.8 -0.505997 0
2 1.8 -0.504993 0.000709935
3 1.8 -0.504699 0.000530735
4 1.8 -0.504581 0.000410931
5 1.8 -0.504547 0.000330103
6 1.8 -0.504661 0.000294018
7 1.8 -0.504615 0.000255656
8 1.8 -0.504536 0.000235597
9 1.8 -0.504428 0.000232697
10 1.8 -0.504458 0.000211312
1 1.9 -0.48377 0
2 1.9 -0.482792 0.000692116
3 1.9 -0.482498 0.000519918
4 1.9 -0.482631 0.000406464
5 1.9 -0.482595 0.000326765
6 1.9 -0.482647 0.000276448
7 1.9 -0.482612 0.000239179
8 1.9 -0.482518 0.000226771
9 1.9 -0.482398 0.000231313
10 1.9 -0.482458 0.000215894
1 2 -0.462074 0
2 2 -0.461946 8.9944e-05
3 2 -0.461745 0.000174778
4 2 -0.461794 0.000137693
5 2 -0.461875 0.000131706
6 2 -0.46199 0.000151803
7 2 -0.461986 0.000130161
8 2 -0.461915 0.000131955
9 2 -0.461868 0.000125255
10 2 -0.461932 0.000128037
1 2.1 -0.443306 0
2 2.1 -0.44296 0.000244376
3 2.1 -0.442936 0.000164118
4 2.1 -0.442887 0.000130067
5 2.1 -0.442977 0.000131688
6 2.1 -0.443018 0.000115818
7 2.1 -0.442938 0.0001237
8 2.1 -0.442914 0.0001105
9 2.1 -0.442862 0.000110008
10 2.1 -0.442999 0.000163388
1 2.2 -0.425994 0
2 2.2 -0.425394 0.000423981
3 2.2 -0.425361 0.000283951
4 2.2 -0.425338 0.000213861
5 2.2 -0.425386 0.000176402
6 2.2 -0.425443 0.000155846
7 2.2 -0.425397 0.000140148
8 2.2 -0.425401 0.000122691
9 2.2 -0.425395 0.000109224
10 2.2 -0.425419 0.000100841
1 2.3 -0.409074 0
2 2.3 -0.409186 7.86303e-05
3 2.3 -0.408881 0.000253903
4 2.3 -0.409021 0.000225594
5 2.3 -0.409022 0.000180476
6 2.3 -0.409102 0.000167403
7 2.3 -0.409081 0.000144827
8 2.3 -0.408975 0.000160568
9 2.3 -0.408986 0.000143055
10 2.3 -0.40902 0.000132817
1 2.4 -0.39416 0
2 2.4 -0.393989 0.000121057
3 2.4 -0.393825 0.000156532
4 2.4 -0.393861 0.000121663
5 2.4 -0.393919 0.000110074
6 2.4 -0.393928 9.20947e-05
7 2.4 -0.393933 7.90829e-05
8 2.4 -0.393942 6.97158e-05
9 2.4 -0.393987 7.52023e-05
10 2.4 -0.394012 7.16519e-05
1 2.5 -0.379678 0
2 2.5 -0.380003 0.000229668
3 2.5 -0.379655 0.00032296
4 2.5 -0.379815 0.00027891
5 2.5 -0.37973 0.00023554
6 2.5 -0.379697 0.000198681
7 2.5 -0.379641 0.000178005
8 2.5 -0.379653 0.000156194
9 2.5 -0.379682 0.000141528
10 2.5 -0.379736 0.000137326
1 2.6 -0.366765 0
2 2.6 -0.367295 0.000374767
3 2.6 -0.366918 0.00039658
4 2.6 -0.366821 0.00030907
5 2.6 -0.36681 0.000247429
6 2.6 -0.366737 0.000216854
7 2.6 -0.366712 0.000187312
8 2.6 -0.366667 0.000169045
9 2.6 -0.366723 0.00015915
10 2.6 -0.366747 0.000145084
1 2.7 -0.353988 0
2 2.7 -0.354248 0.000183565
3 2.7 -0.353989 0.000243999
4 2.7 -0.354003 0.000183397
5 2.7 -0.354161 0.000203684
6 2.7 -0.354241 0.000184771
7 2.7 -0.354201 0.000162675
8 2.7 -0.354125 0.000158981
9 2.7 -0.354191 0.000154347
10 2.7 -0.354213 0.00014052
1 2.8 -0.342943 0
2 2.8 -0.343244 0.000212698
3 2.8 -0.342621 0.000528439
4 2.8 -0.342806 0.000427574
5 2.8 -0.342758 0.000344712
6 2.8 -0.342763 0.0002873
7 2.8 -0.342665 0.000262427
8 2.8 -0.342594 0.000239106
9 2.8 -0.342673 0.000225036
10 2.8 -0.342694 0.000203523
1 2.9 -0.331433 0
2 2.9 -0.332008 0.000407011
3 2.9 -0.331609 0.000424525
4 2.9 -0.331834 0.000373589
5 2.9 -0.331857 0.000299593
6 2.9 -0.331898 0.000252374
7 2.9 -0.331824 0.000226777
8 2.9 -0.331721 0.000220684
9 2.9 -0.331715 0.000196235
10 2.9 -0.331746 0.000179008
