43.4694
41.2569
39.3555
34.8846
33.367
41.5232
40.314
37.8835
37.3229
38.0751
42.817
41.2975
41.6617
39.7776
38.8071
39.5064
39.0927
38.4778
36.321
35.1647
35.1147
35.788
36.463
37.52
41.1808
35.7888
40.2228
39.1057
41.5257
36.3007
32.4952
39.2634
39.9971
42.9739
35.4914
36.8106
31.1375
35.4559
37.1423
31.8071
41.4518
37.8043
32.8493
32.9812
36.9786
33.3595
42.3822
34.0571
33.7857
39.7302
38.2752
36.4176
36.1835
34.3276
36.672
36.5554
31.9965
38.5547
34.6213
38.8293
30.1905
43.7933
33.6304
41.2217
33.8984
34.4312
33.9188
36.6146
35.0218
40.464
36.8384
34.2651
38.5666
35.0008
35.2174
40.0458
36.5678
40.7449
29.7028
36.0225
28.0726
35.874
33.2269
35.4115
36.489
34.1643
25.5928
28.965
36.5134
35.5645
29.2915
34.5761
30.2564
34.6123
29.106
39.1265
32.841
29.9095
38.5017
37.0883
25.9857
34.9696
31.7951
28.8175
28.3928
38.1809
38.0662
26.0303
32.692
35.3465
32.3445
26.9059
27.5785
24.9468
24.9219
33.4377
29.5168
30.9616
27.6618
29.9637
30.6055
27.6708
27.808
27.1874
32.4055
29.702
29.622
28.1992
30.2067
21.2845
20.2771
26.8489
26.4082
23.7231
27.511
24.5094
27.7849
37.4374
26.7344
23.0034
25.9589
24.2763
25.7855
27.4622
26.4159
27.9464
19.3837
21.9974
24.2164
24.2985
19.3449
24.141
29.6636
23.0657
20.8248
22.6017
19.6476
23.8236
22.3216
15.2633
24.426
20.5599
25.35
24.0694
19.3778
19.831
19.5854
18.6766
14.1713
12.0974
14.4099
18.9969
15.617
17.5427
16.5344
17.301
13.6048
17.9164
18.1463
11.1903
18.0123
13.8045
13.8031
14.762
11.3997
15.5937
10.7329
16.867
18.8819
10.6767
10.188
19.063
7.79557
13.056
10.4208
13.2138
11.0794
7.37725
15.516
9.64208
12.9268
8.99871
14.383
10.1929
13.927
11.9418
12.8681
11.7697
9.05385
13.073
9.02999
10.8052
8.85141
10.5341
13.5295
13.4164
7.80708
10.212
12.3383
9.75516
12.2091
13.3014
6.99961
13.7086
8.02595
12.3759
9.2979
9.54091
13.3323
14.0878
6.85006
11.7455
11.2083
14.4669
12.2242
11.2649
6.69859
7.46454
14.4898
11.3563
8.24476
12.08
12.3683
7.80181
6.91071
7.87264
13.9695
7.6703
11.2304
7.13703
12.6514
6.35035
10.5336
13.4381
13.8279
11.4536
13.4067
13.0711
11.7747
8.88006
7.50846
8.05932
9.09883
13.4357
9.4722
11.3871
8.24016
14.3153
12.7879
13.1573
9.81458
6.97676
