41.3114
32.6889
31.2491
27.2391
24.2069
22.6001
19.6651
19.9637
21.8556
18.2292
18.2292
17.6774
16.9485
15.9618
16.9485
16.9485
16.9485
16.9485
16.9485
17.0365
16.6644
15.4815
15.4815
19.2605
15.6287
14.56
14.9998
14.0495
14.1221
13.5562
13.0058
14.2393
17.6634
12.9817
14.2393
13.0058
12.8258
18.6755
15.6915
14.6217
11.5506
10.9836
10.9836
10.9836
10.9836
10.9836
10.9836
10.4736
10.4736
10.4736
10.4736
10.4736
13.4924
10.4736
10.4736
10.4736
10.4736
10.4736
10.2967
10.2967
10.2967
11.6342
10.2967
10.2967
10.2967
12.8522
10.4383
9.73294
11.2233
9.4455
9.43948
8.81754
8.81754
9.91532
9.91532
9.91532
9.91532
9.91532
9.91532
9.91532
13.1097
9.91532
12.7533
12.037
9.91532
9.91532
9.91532
9.77876
9.91532
12.3083
9.88623
9.91532
13.8566
10.7818
10.7818
10.7818
10.7818
10.7818
10.7818
12.2498
10.7818
10.7818
13.6038
10.7818
10.7818
11.0956
10.7818
10.5339
10.5339
10.5339
10.5339
10.5018
10.5018
10.5018
10.5018
10.5018
11.7324
14.0524
10.5018
10.5018
10.5018
10.5018
10.5018
10.5018
10.5018
10.9682
10.5018
13.7318
15.0954
10.5018
10.5018
11.2998
13.359
14.9374
10.5018
10.5018
13.4792
10.5018
10.5018
10.5018
10.5018
11.7324
10.5018
10.6078
10.5018
11.3558
12.9092
11.4536
12.6673
10.8786
10.8786
10.8786
10.8786
10.8786
10.8786
10.8786
10.8786
10.8786
10.8786
10.8786
13.2449
10.8786
11.4321
10.8786
10.8786
10.8786
10.8786
10.9646
12.0741
17.1662
10.8786
16.6514
13.7443
10.8786
17.4517
10.8786
10.8786
10.9545
13.3151
11.2351
10.8786
10.8786
10.8786
13.9683
10.8322
11.2974
10.8322
10.8322
10.8322
10.8322
10.8322
11.1839
10.8322
10.8322
10.8322
10.8322
10.8322
11.2705
10.8322
10.8322
10.8322
11.4769
10.8322
10.8322
10.8322
10.8322
11.2928
11.6492
10.1153
14.4535
13.704
16.5909
13.704
10.8322
10.8322
10.8322
15.4095
14.8335
11.5992
11.5992
17.2102
10.6991
14.7642
11.4753
9.25849
9.25849
9.25849
9.25849
9.25849
10.5557
9.01163
11.8705
8.74506
8.55057
8.55057
8.54083
8.69336
11.5909
9.28709
9.71122
9.71122
9.78066
9.71122
9.71122
15.9133
9.57
9.57
9.12349
8.80239
8.80239
8.80285
9.88099
13.4355
8.67746
8.67746
15.7431
8.47007
11.6839
11.9155
8.46263
8.46263
8.46263
8.46263
8.46263
7.57064
7.57064
7.57064
7.57064
7.57064
10.0705
13.3314
11.2684
11.2921
7.57064
7.57064
13.9973
7.57064
8.00828
7.57064
12.6471
7.57064
7.57064
9.1942
7.57064
7.57064
8.1902
7.57064
13.7153
10.4178
7.57064
11.2921
12.1384
13.9841
7.57064
12.3078
6.80318
6.23829
6.23829
10.5147
6.23829
6.23829
6.23829
6.23829
6.23829
6.23829
6.23829
8.04258
10.1682
10.5858
6.23829
6.23829
6.80769
6.23829
6.23829
6.23829
6.23829
6.23829
6.23829
10.4913
6.23829
9.86901
6.23829
6.23829
6.23829
6.23829
6.23829
6.23829
6.23829
9.26827
10.5345
6.23829
6.23829
6.80769
6.54724
12.7982
6.23829
6.23829
6.23829
8.67929
6.23829
6.23829
6.23829
6.23829
6.23829
9.09498
6.896
6.23829
6.23829
6.23829
6.23829
6.23829
7.88757
9.80979
6.23829
10.2525
11.5985
6.23829
6.23829
8.4926
9.1299
6.23829
6.23829
12.8887
8.35512
8.94517
9.47258
6.23829
6.23829
6.23829
6.23829
11.8322
6.73633
6.23829
6.23829
9.54536
8.41588
6.23829
6.23829
6.23829
6.23829
8.69043
6.23829
6.23829
6.23829
6.23829
10.5299
6.23829
6.23829
6.23829
6.23829
8.54222
6.23829
6.23829
6.23829
6.23829
6.23829
6.23829
10.1355
10.0679
12.9246
10.1151
6.23829
8.4926
6.23829
10.1102
6.23829
6.23829
6.23829
6.23829
6.23829
6.23829
10.6603
6.23829
6.23829
9.97361
6.23829
6.23829
6.23829
6.23829
6.23829
11.5303
6.23829
6.23829
6.23829
9.79037
6.23829
9.11895
6.896
6.23829
6.23829
9.61991
6.23829
10.0679
9.79037
6.23829
6.23829
6.23829
6.23829
8.94279
10.9801
6.23829
6.23829
6.23829
6.23829
9.24328
6.23829
6.23829
6.23829
6.23829
8.4926
6.23829
6.23829
7.57102
6.23829
6.23829
6.23829
9.6039
6.23829
6.23829
6.23829
10.5345
6.23829
6.23829
6.23829
7.30017
6.23829
6.23829
6.23829
6.23829
6.23829
6.23829
8.67929
6.23829
6.23829
6.23829
6.23829
6.23829
6.23829
6.23829
6.23829
9.03207
6.23829
6.23829
6.23829
6.23829
6.23829
6.23829
6.23829
6.23829
13.7276
10.3027
9.79037
6.23829
7.30017
6.31465
7.39955
9.09498
9.09498
13.6231
6.23829
6.23829
6.23829
6.23829
10.0923
13.7496
6.23829
10.4913
6.23829
6.23829
10.5299
6.23829
6.23829
7.39955
6.23829
6.23829
6.23829
9.11895
6.23829
6.896
6.23829
6.23829
6.23829
9.83245
6.23829
6.23829
6.23829
6.23829
6.42814
6.62236
6.62236
6.62236
6.62236
7.26361
6.62217
6.42662
6.42662
6.42662
6.42662
6.42662
6.42662
6.42662
6.42662
7.67494
6.42662
6.42662
10.124
6.42662
6.42662
6.42662
6.42662
6.42662
6.25118
6.25118
6.25118
6.25118
8.19125
6.25118
6.25118
6.25118
6.25118
12.9197
7.13642
6.25118
6.25118
6.25118
9.71143
9.11176
9.32072
6.44521
6.45285
11.061
6.41525
9.89604
6.41525
6.86904
6.41525
9.06805
6.41525
7.41362
10.9874
6.23829
6.23829
6.23829
9.79622
6.23829
6.23829
6.23829
6.23829
6.23829
6.23829
9.40713
8.57415
7.25977
6.23829
6.23829
10.884
6.23829
6.23829
10.733
6.23829
