38.8373
32.8486
30.0179
27.1148
24.5813
23.1398
20.6516
20.3075
20.2994
18.76
18.7663
17.7809
17.5258
17.6028
17.4545
17.5758
17.3421
17.3574
17.4531
17.5305
17.2417
15.925
16.0986
15.8631
16.0539
15.0809
15.0713
14.9406
14.3207
14.3582
13.6682
13.4522
13.6088
13.42
13.6277
13.5201
13.7867
13.7159
13.5612
13.4511
12.3005
12.0254
11.6433
11.7948
11.69
11.7732
11.7414
11.4469
11.2638
11.2467
11.1913
11.3178
11.3807
11.3095
11.2441
11.3196
11.3042
11.1507
11.1099
11.3337
11.2744
11.1152
11.1549
11.1111
11.2466
11.4904
10.4884
10.7228
10.2965
10.606
10.4317
10.0603
9.8962
10.9183
10.7496
10.9963
10.8565
10.8751
10.5773
10.6732
10.8204
10.4632
10.8035
10.8671
10.7452
10.5963
10.7681
10.555
10.8189
10.8001
10.7429
10.6762
11.2213
11.46
11.4644
11.637
11.4816
11.3641
11.5515
11.466
11.2426
11.5497
11.3695
11.4165
11.5812
11.3305
11.2984
11.219
11.1861
11.3209
11.1153
11.2514
11.1844
11.113
11.4459
11.1581
11.1773
11.1621
11.4336
11.2922
11.3052
11.3951
11.07
11.1653
11.194
11.2343
11.2787
11.1253
11.3219
11.2765
11.3269
11.1765
11.2504
11.1493
11.0928
11.5194
11.2667
11.1804
11.0655
11.2245
11.1999
11.0644
11.0599
11.278
11.1035
11.5372
11.6885
11.4924
11.4112
11.5595
11.5615
11.5816
11.5075
11.3704
11.5586
11.5627
11.3762
11.4764
11.4459
11.4846
11.6137
11.4378
11.4876
11.509
11.6184
11.5464
11.7307
11.5682
11.7244
11.475
11.6941
11.6457
11.701
11.5928
11.7813
11.705
11.599
11.4581
11.6005
11.4787
11.5527
11.498
11.3634
11.5915
11.5156
11.5653
11.4945
11.4075
11.4617
11.5985
11.336
11.8009
11.3745
11.5365
11.3771
11.5985
11.4655
11.5796
11.4353
11.6179
11.2594
11.589
11.3432
11.4891
11.6307
11.554
11.4726
11.421
11.6671
11.6346
11.5134
11.6113
11.4098
11.4462
11.7829
11.4352
11.5302
12.5931
12.3948
12.3664
11.4575
11.5642
11.4428
10.0122
9.95934
9.87839
9.96955
9.96466
10.4159
9.87909
9.95536
9.89418
9.62889
9.48546
9.67116
9.42882
9.34486
10.4752
10.31
10.383
10.6478
10.4688
10.6139
10.6243
10.6458
10.3858
10.7984
9.97228
9.809
9.819
9.58693
9.41825
9.56463
9.49558
9.72133
9.71959
9.49937
9.44038
9.45143
9.3965
9.33633
9.24506
9.73683
9.35836
8.46429
8.68589
8.41556
8.6666
8.60412
8.41171
8.37085
8.31569
8.6528
8.51848
8.66391
8.66315
8.63995
8.46081
8.34844
8.67383
8.63138
8.66593
8.52721
8.62212
8.66234
8.49032
8.33294
8.64976
8.44982
8.45057
8.58584
8.44241
8.98253
8.67542
8.79502
8.06212
7.31632
7.0099
7.3776
7.41247
7.43771
7.20212
7.22567
7.59764
7.37042
7.36821
7.36697
7.45701
7.11524
7.35993
7.49464
7.17118
7.16905
7.53751
7.28828
7.4331
7.01625
7.39051
7.43131
7.21527
7.20826
7.33145
7.17135
7.23073
7.28837
7.46344
7.35389
7.4408
7.24825
7.2142
7.4635
7.20464
7.31529
7.25249
7.46128
7.32511
7.30996
7.43219
7.09321
7.46682
7.22462
7.28239
7.34737
7.09548
7.36309
7.27283
7.0931
7.28137
7.42034
7.40712
7.44735
7.34852
7.42909
7.59963
7.59285
7.42968
7.58798
7.32611
7.57073
7.60237
7.111
7.32139
7.25806
7.23043
7.22769
7.64601
7.29349
7.38869
7.10135
7.23552
7.1935
7.42713
7.45308
7.39692
6.97498
7.13535
7.1535
7.44142
7.37358
7.35728
7.2603
7.11471
7.21291
7.28006
7.47202
7.52606
7.37279
7.29535
7.51526
7.22265
7.14259
7.18695
7.53837
7.49485
7.27207
7.17718
7.45822
7.19977
6.92496
7.14462
7.30632
7.38672
7.26803
7.30667
7.138
7.35394
7.14038
7.199
7.20477
7.2221
7.32704
7.27544
7.20272
7.32124
7.34825
7.3308
7.3062
7.5327
7.40363
7.08403
7.36315
7.36768
7.50339
7.38951
7.1221
7.4595
7.24169
7.20448
7.14298
7.07445
7.39289
7.13567
7.24754
7.51236
7.50511
7.38427
7.56113
6.98472
7.54908
7.03019
7.30983
7.66567
7.25756
7.46069
7.26647
7.55401
7.12716
7.21675
7.30021
7.37925
7.27511
7.21145
7.1408
7.32878
7.27427
7.44734
7.27405
7.24742
7.11247
7.2361
7.33544
7.29784
7.62205
7.26033
7.14415
7.40037
7.53705
7.2856
7.54491
7.13422
7.0409
7.66588
7.14795
7.19243
7.25356
7.20708
7.35809
7.35549
7.21487
7.14051
7.62068
7.41527
7.5474
7.26214
7.24866
7.10291
7.63244
7.27707
7.3222
7.23811
7.15153
7.34325
7.48272
7.31972
7.62131
7.29394
7.28028
6.93768
7.34254
7.48306
7.38808
7.34918
7.44729
7.60533
7.48256
7.47385
7.30861
7.04919
7.30564
7.47881
7.25535
7.50202
7.34697
7.31948
7.48428
7.26482
7.31702
7.15495
7.18131
7.07515
7.55638
7.15223
7.42542
7.57319
7.34773
7.29706
7.21272
7.46328
7.67157
7.61758
7.56442
7.93366
7.65911
7.56432
7.28124
7.61778
7.22918
7.31918
7.3666
7.33172
7.2519
7.4411
7.46051
7.45504
7.5674
7.43628
7.5899
7.34536
7.30607
7.28615
7.44371
7.26445
7.25529
7.13334
7.30296
7.61826
7.21062
7.28402
7.32104
7.39636
7.46948
7.40606
7.38181
7.29185
7.04516
7.14038
7.20631
7.26112
7.16956
7.86496
7.65031
7.48312
7.67591
7.33565
7.54932
7.42495
7.33537
7.54599
7.40152
7.32286
7.19428
7.38259
7.1728
7.40025
7.16249
7.15674
7.07404
7.02646
7.18235
7.34304
7.20139
7.15459
7.33652
7.14533
7.42382
7.3074
6.94899
7.26899
7.40354
7.18446
