1 0.5 77.4865 0
2 0.5 78.5562 0.756367
3 0.5 78.1444 0.606049
4 0.5 77.8284 0.530567
5 0.5 78.9535 1.09215
6 0.5 78.6041 0.964413
7 0.5 78.6456 0.827535
8 0.5 78.5155 0.734245
9 0.5 78.4957 0.652931
10 0.5 78.772 0.643476
1 0.6 43.2083 0
2 0.6 44.6541 1.02236
3 0.6 44.8602 0.702033
4 0.6 44.662 0.553786
5 0.6 44.771 0.453623
6 0.6 45.0539 0.45783
7 0.6 45.2548 0.434279
8 0.6 45.286 0.381107
9 0.6 45.4566 0.375011
10 0.6 45.5182 0.342538
1 0.7 23.2182 0
2 0.7 24.4991 0.905735
3 0.7 24.6458 0.615581
4 0.7 24.6721 0.462246
5 0.7 24.5504 0.385466
6 0.7 24.7216 0.357225
7 0.7 24.617 0.321144
8 0.7 24.6651 0.284572
9 0.7 24.661 0.252982
10 0.7 24.7592 0.245991
1 0.8 15.2289 0
2 0.8 15.1982 0.0216757
3 0.8 15.4715 0.223603
4 0.8 15.1032 0.360382
5 0.8 14.9972 0.303492
6 0.8 15.1098 0.27301
7 0.8 14.9793 0.26336
8 0.8 15.035 0.236267
9 0.8 15.024 0.210274
10 0.8 14.971 0.195793
1 0.9 10.4091 0
2 0.9 10.1243 0.201348
3 0.9 10.3053 0.199665
4 0.9 10.2607 0.15465
5 0.9 10.1987 0.135574
6 0.9 10.1719 0.115612
7 0.9 10.2882 0.146382
8 0.9 10.3004 0.128587
9 0.9 10.3459 0.122077
10 0.9 10.3102 0.114947
1 1 7.31207 0
2 1 7.32728 0.0107542
3 1 7.42651 0.0813329
4 1 7.40845 0.0629718
5 1 7.39415 0.0519763
6 1 7.45214 0.0683993
7 1 7.44825 0.0587386
8 1 7.42899 0.0544627
9 1 7.41648 0.049827
10 1 7.42475 0.0455263
1 1.1 5.54248 0
2 1.1 5.57379 0.0221376
3 1.1 5.55158 0.0233808
4 1.1 5.55917 0.018728
5 1.1 5.5707 0.0181847
6 1.1 5.60212 0.032447
7 1.1 5.59874 0.0279881
8 1.1 5.60288 0.0247944
9 1.1 5.59895 0.0223488
10 1.1 5.60108 0.0202153
1 1.2 4.43581 0
2 1.2 4.42156 0.0100796
3 1.2 4.41255 0.00996407
4 1.2 4.39109 0.0200319
5 1.2 4.40755 0.0217622
6 1.2 4.41336 0.0188946
7 1.2 4.41955 0.0171796
8 1.2 4.41331 0.0161267
9 1.2 4.41227 0.0143681
10 1.2 4.40926 0.0132435
1 1.3 3.55051 0
2 1.3 3.56726 0.0118441
3 1.3 3.58123 0.013877
4 1.3 3.58953 0.0126475
5 1.3 3.59724 0.012246
6 1.3 3.59506 0.0103977
7 1.3 3.58946 0.0103126
8 1.3 3.59331 0.00971836
9 1.3 3.59817 0.00977727
10 1.3 3.60016 0.00899963
1 1.4 2.91428 0
2 1.4 2.96413 0.0352489
3 1.4 2.95979 0.0237654
4 1.4 2.9565 0.0180502
5 1.4 2.97795 0.0240153
6 1.4 2.98472 0.0209442
7 1.4 2.97949 0.0185945
8 1.4 2.97771 0.016355
9 1.4 2.98476 0.0159856
10 1.4 2.97546 0.0168773
1 1.5 2.524 0
2 1.5 2.54307 0.0134863
3 1.5 2.52598 0.0166017
4 1.5 2.51893 0.0138683
5 1.5 2.52526 0.012454
6 1.5 2.53263 0.0123711
7 1.5 2.52994 0.0108927
8 1.5 2.52871 0.00959998
9 1.5 2.53156 0.00894667
10 1.5 2.53356 0.00827188
1 1.6 2.17233 0
2 1.6 2.18919 0.0119216
3 1.6 2.17791 0.0121653
4 1.6 2.1784 0.00913371
5 1.6 2.17773 0.00733134
6 1.6 2.17305 0.00745431
7 1.6 2.17392 0.00643908
8 1.6 2.17468 0.00567922
9 1.6 2.17398 0.00509046
10 1.6 2.17894 0.00656295
1 1.7 1.87893 0
2 1.7 1.89289 0.00986938
3 1.7 1.87986 0.0125125
4 1.7 1.88791 0.0116905
5 1.7 1.89783 0.0128909
6 1.7 1.90247 0.0115497
7 1.7 1.90268 0.00990165
8 1.7 1.90155 0.00872848
9 1.7 1.90064 0.00780624
10 1.7 1.90387 0.00766573
1 1.8 1.70119 0
2 1.8 1.69685 0.00307151
3 1.8 1.6927 0.00395871
4 1.8 1.69516 0.0036559
5 1.8 1.69376 0.00318441
6 1.8 1.69946 0.00584477
7 1.8 1.69669 0.0056293
8 1.8 1.69652 0.00492824
9 1.8 1.69668 0.00438355
10 1.8 1.69756 0.00403208
1 1.9 1.51544 0
2 1.9 1.50486 0.00747985
3 1.9 1.50531 0.00500033
4 1.9 1.50943 0.00517355
5 1.9 1.50877 0.00418093
6 1.9 1.50839 0.0035006
7 1.9 1.50667 0.00339832
8 1.9 1.50509 0.003322
9 1.9 1.50396 0.00313837
10 1.9 1.50387 0.00282578
1 2 1.3696 0
2 2 1.36438 0.00369647
3 2 1.36529 0.00257547
4 2 1.36771 0.00284623
5 2 1.36192 0.00565368
6 2 1.36131 0.00474381
7 2 1.35988 0.00427738
8 2 1.35902 0.00382799
9 2 1.35737 0.00374298
10 2 1.35709 0.00337889
1 2.1 1.2266 0
2 2.1 1.22603 0.000402175
3 2.1 1.22834 0.00190207
4 2.1 1.22977 0.00189143
5 2.1 1.22702 0.00289177
6 2.1 1.23008 0.00369275
7 2.1 1.22931 0.0032445
8 2.1 1.23148 0.00348585
9 2.1 1.2305 0.00323297
10 2.1 1.23206 0.00326669
1 2.2 1.1474 0
2 2.2 1.13638 0.00779592
3 2.2 1.13763 0.00529768
4 2.2 1.13598 0.0042242
5 2.2 1.13719 0.00354884
6 2.2 1.13622 0.00308725
7 2.2 1.13517 0.00281841
8 2.2 1.1342 0.00262713
9 2.2 1.13333 0.0024758
10 2.2 1.13128 0.00295741
1 2.3 1.02922 0
2 2.3 1.03694 0.00546108
3 2.3 1.03957 0.00422737
4 2.3 1.03848 0.00330798
5 2.3 1.03765 0.00274837
6 2.3 1.03618 0.00265903
7 2.3 1.03625 0.00228029
8 2.3 1.03509 0.00227305
9 2.3 1.03612 0.00224334
10 2.3 1.03725 0.00228482
1 2.4 0.971771 0
2 2.4 0.959309 0.00881161
3 2.4 0.961368 0.00611002
4 2.4 0.961074 0.00458956
5 2.4 0.961336 0.00367913
6 2.4 0.95841 0.00406662
7 2.4 0.957797 0.00353155
8 2.4 0.958828 0.00323717
9 2.4 0.959233 0.00290267
10 2.4 0.959661 0.00264379
1 2.5 0.88024 0
2 2.5 0.885153 0.0034741
3 2.5 0.885575 0.00234164
4 2.5 0.884357 0.00204891
5 2.5 0.884135 0.0016511
6 2.5 0.8862 0.00233395
7 2.5 0.886111 0.00200224
8 2.5 0.888344 0.00272666
9 2.5 0.88837 0.00242381
10 2.5 0.889221 0.00232599
1 2.6 0.823984 0
2 2.6 0.831453 0.00528143
3 2.6 0.832193 0.00357239
4 2.6 0.829029 0.00383222
5 2.6 0.829356 0.00307973
6 2.6 0.829048 0.00258179
7 2.6 0.827716 0.00253362
8 2.6 0.827947 0.00222742
9 2.6 0.827935 0.00197996
10 2.6 0.829196 0.00214589
1 2.7 0.786959 0
2 2.7 0.778954 0.00566021
3 2.7 0.780176 0.00390326
4 2.7 0.779873 0.00293919
5 2.7 0.780409 0.00239978
6 2.7 0.780803 0.0020318
7 2.7 0.779443 0.002149
8 2.7 0.778986 0.00192833
9 2.7 0.779145 0.00172066
10 2.7 0.778755 0.00159225
1 2.8 0.723428 0
2 2.8 0.725964 0.00179302
3 2.8 0.72858 0.00244768
4 2.8 0.73037 0.00240281
5 2.8 0.729235 0.00217401
6 2.8 0.729853 0.00189755
7 2.8 0.728879 0.00185975
8 2.8 0.728997 0.00163101
9 2.8 0.728972 0.00144999
10 2.8 0.729505 0.00139953
1 2.9 0.683332 0
2 2.9 0.682983 0.000246268
3 2.9 0.682741 0.000256943
4 2.9 0.68272 0.000193623
5 2.9 0.68114 0.00142096
6 2.9 0.681373 0.00120308
7 2.9 0.681228 0.00103997
8 2.9 0.681601 0.000974527
9 2.9 0.681204 0.000943405
10 2.9 0.682221 0.00128484
