1 0.5 -0.964592 0
2 0.5 -0.972224 0.00539664
3 0.5 -0.973677 0.0037884
4 0.5 -0.972422 0.00304219
5 0.5 -0.970899 0.00278895
6 0.5 -0.971921 0.00250444
7 0.5 -0.971603 0.00216674
8 0.5 -0.972179 0.00197087
9 0.5 -0.973138 0.00197134
10 0.5 -0.972582 0.00185101
1 0.8 -0.844672 0
2 0.8 -0.848772 0.00289914
3 0.8 -0.847179 0.00232981
4 0.8 -0.848354 0.00202221
5 0.8 -0.84843 0.00161921
6 0.8 -0.848289 0.00135547
7 0.8 -0.84864 0.00120634
8 0.8 -0.84822 0.00112629
9 0.8 -0.847919 0.00104056
10 0.8 -0.847654 0.000969789
1 1 -0.759768 0
2 1 -0.761492 0.00121905
3 1 -0.760517 0.00113745
4 1 -0.761454 0.00117719
5 1 -0.760741 0.00113746
6 1 -0.761125 0.00101079
7 1 -0.761042 0.0008698
8 1 -0.760637 0.00085027
9 1 -0.760878 0.000789272
10 1 -0.761364 0.000846742
1 1.3 -0.645752 0
2 1.3 -0.646464 0.00050346
3 1.3 -0.645525 0.00083669
4 1.3 -0.645674 0.00064059
5 1.3 -0.646002 0.000590326
6 1.3 -0.645993 0.000491996
7 1.3 -0.645841 0.000444627
8 1.3 -0.645767 0.000395182
9 1.3 -0.646485 0.00076293
10 1.3 -0.6467 0.000716201
1 1.5 -0.580856 0
2 1.5 -0.583188 0.00164897
3 1.5 -0.583067 0.00110377
4 1.5 -0.582804 0.000858513
5 1.5 -0.58204 0.000968847
6 1.5 -0.582304 0.000842574
7 1.5 -0.582536 0.00075347
8 1.5 -0.582552 0.000659456
9 1.5 -0.582917 0.000679889
10 1.5 -0.582972 0.000614094
1 1.7 -0.530944 0
2 1.7 -0.531668 0.000511945
3 1.7 -0.531101 0.000574941
4 1.7 -0.530534 0.000653712
5 1.7 -0.530088 0.000657746
6 1.7 -0.52998 0.000556918
7 1.7 -0.529725 0.000532723
8 1.7 -0.529586 0.00048382
9 1.7 -0.52982 0.000483157
10 1.7 -0.530113 0.000516217
1 2 -0.46184 0
2 2 -0.463368 0.00108046
3 2 -0.463477 0.000725817
4 2 -0.462922 0.000726379
5 2 -0.462469 0.000708515
6 2 -0.462441 0.000590961
7 2 -0.462184 0.000559769
8 2 -0.461919 0.000548953
9 2 -0.462303 0.00060766
10 2 -0.462066 0.000591493
1 2.2 -0.426736 0
2 2.2 -0.42676 1.69706e-05
3 2.2 -0.426739 2.07703e-05
4 2.2 -0.426658 7.15751e-05
5 2.2 -0.426365 0.000268424
6 2.2 -0.426039 0.000372386
7 2.2 -0.425857 0.000360728
8 2.2 -0.425816 0.000317975
9 2.2 -0.426014 0.000338842
10 2.2 -0.425975 0.000307197
1 2.5 -0.380136 0
2 2.5 -0.380276 9.89949e-05
3 2.5 -0.380312 7.22465e-05
4 2.5 -0.380304 5.4626e-05
5 2.5 -0.379763 0.000485676
6 2.5 -0.379685 0.000410925
7 2.5 -0.37924 0.000542264
8 2.5 -0.379214 0.000475104
9 2.5 -0.379417 0.000463616
10 2.5 -0.379683 0.000487781
1 2.7 -0.355232 0
2 2.7 -0.355632 0.000282843
3 2.7 -0.354576 0.000882598
4 2.7 -0.354646 0.000664719
5 2.7 -0.354302 0.000614193
6 2.7 -0.354108 0.00054172
7 2.7 -0.353743 0.000574357
8 2.7 -0.353638 0.000512044
9 2.7 -0.353947 0.000540232
10 2.7 -0.353981 0.000487286
1 3 -0.322336 0
2 3 -0.3236 0.000893783
3 3 -0.322592 0.00101608
4 3 -0.32185 0.000996824
5 3 -0.321973 0.000804988
6 3 -0.321944 0.000671338
7 3 -0.321861 0.000580594
8 3 -0.321793 0.000511936
9 3 -0.321805 0.000455203
10 3 -0.321802 0.000409692
