1 0.5 0.346147 0
2 0.5 0.336421 0.00687723
3 0.5 0.336994 0.00460863
4 0.5 0.33981 0.00423014
5 0.5 0.329262 0.0100229
6 0.5 0.33063 0.00844532
7 0.5 0.332525 0.00744828
8 0.5 0.33423 0.00670972
9 0.5 0.332732 0.00612927
10 0.5 0.332462 0.00552229
1 0.6 0.420049 0
2 0.6 0.421528 0.00104631
3 0.6 0.422537 0.00107948
4 0.6 0.426037 0.00313666
5 0.6 0.427094 0.00268159
6 0.6 0.425436 0.00269872
7 0.6 0.425707 0.00232674
8 0.6 0.425688 0.00203597
9 0.6 0.423755 0.00256869
10 0.6 0.424992 0.00259295
1 0.7 0.426811 0
2 0.7 0.434985 0.00577995
3 0.7 0.433434 0.00405606
4 0.7 0.434943 0.00331096
5 0.7 0.432455 0.00345954
6 0.7 0.432354 0.00288441
7 0.7 0.432132 0.00248092
8 0.7 0.432415 0.00218695
9 0.7 0.433276 0.00210661
10 0.7 0.433428 0.00190139
1 0.8 0.438945 0
2 0.8 0.439546 0.000424867
3 0.8 0.440339 0.000706937
4 0.8 0.441589 0.00120577
5 0.8 0.437733 0.0035815
6 0.8 0.438506 0.00306687
7 0.8 0.438773 0.00264035
8 0.8 0.439081 0.00232817
9 0.8 0.43842 0.00216135
10 0.8 0.437921 0.00200198
1 0.9 0.436929 0
2 0.9 0.431045 0.00416054
3 0.9 0.433943 0.00364611
4 0.9 0.435459 0.00303351
5 0.9 0.434808 0.0024957
6 0.9 0.434973 0.00208516
7 0.9 0.436383 0.00221319
8 0.9 0.436137 0.00195016
9 0.9 0.43613 0.00173349
10 0.9 0.435424 0.00169774
1 1 0.42097 0
2 1 0.421506 0.000379111
3 1 0.421038 0.00045833
4 1 0.419456 0.00141293
5 1 0.419631 0.0011412
6 1 0.421836 0.00222615
7 1 0.421919 0.00190966
8 1 0.421359 0.00175112
9 1 0.421235 0.00156094
10 1 0.42081 0.0014614
1 1.1 0.395931 0
2 1.1 0.39615 0.000155098
3 1.1 0.395838 0.000275514
4 1.1 0.396149 0.000339467
5 1.1 0.396529 0.000434997
6 1.1 0.396783 0.000430495
7 1.1 0.397212 0.000541861
8 1.1 0.397515 0.000552557
9 1.1 0.396992 0.000695677
10 1.1 0.396903 0.000631784
1 1.2 0.368755 0
2 1.2 0.37045 0.00119882
3 1.2 0.370626 0.000811989
4 1.2 0.370103 0.000758716
5 1.2 0.369629 0.000740687
6 1.2 0.370549 0.00104273
7 1.2 0.370909 0.000953744
8 1.2 0.371521 0.00101212
9 1.2 0.371743 0.00092365
10 1.2 0.371579 0.000845726
1 1.3 0.341329 0
2 1.3 0.344617 0.00232525
3 1.3 0.344232 0.00158178
4 1.3 0.344388 0.00119404
5 1.3 0.343594 0.00119038
6 1.3 0.344166 0.0011209
7 1.3 0.34406 0.000965725
8 1.3 0.344457 0.000922904
9 1.3 0.344417 0.000821209
10 1.3 0.344174 0.000774212
1 1.4 0.315388 0
2 1.4 0.316914 0.00107904
3 1.4 0.316793 0.000726196
4 1.4 0.316792 0.000544648
5 1.4 0.317797 0.000998932
6 1.4 0.317982 0.000849536
7 1.4 0.318209 0.000757761
8 1.4 0.317973 0.000698642
9 1.4 0.318403 0.000741211
10 1.4 0.318263 0.000680182
1 1.5 0.289792 0
2 1.5 0.291785 0.00140931
3 1.5 0.292036 0.000961567
4 1.5 0.291855 0.000737873
5 1.5 0.292719 0.000971956
6 1.5 0.293237 0.000937929
7 1.5 0.29301 0.000830916
8 1.5 0.293198 0.000748097
9 1.5 0.293142 0.000667118
10 1.5 0.29329 0.000616646
1 1.6 0.2676 0
2 1.6 0.270035 0.00172178
3 1.6 0.26947 0.00123715
4 1.6 0.269384 0.000930853
5 1.6 0.269948 0.00089945
6 1.6 0.270212 0.000787415
7 1.6 0.270081 0.000685714
8 1.6 0.270009 0.000603813
9 1.6 0.270253 0.000584165
10 1.6 0.27018 0.000530307
1 1.7 0.24785 0
2 1.7 0.249257 0.000995225
3 1.7 0.249042 0.000686403
4 1.7 0.248695 0.000595888
5 1.7 0.248884 0.000505604
6 1.7 0.249141 0.000482275
7 1.7 0.249101 0.000415029
8 1.7 0.249086 0.000363416
9 1.7 0.249053 0.0003245
10 1.7 0.249192 0.000320531
1 1.8 0.229491 0
2 1.8 0.230032 0.000382116
3 1.8 0.229776 0.000329632
4 1.8 0.229744 0.000248759
5 1.8 0.230104 0.000378386
6 1.8 0.230153 0.000318534
7 1.8 0.230147 0.000273084
8 1.8 0.230011 0.000270659
9 1.8 0.229942 0.000249387
10 1.8 0.229979 0.000227172
1 1.9 0.212538 0
2 1.9 0.212154 0.000271787
3 1.9 0.212499 0.000335147
4 1.9 0.212568 0.000258346
5 1.9 0.212629 0.000213618
6 1.9 0.212683 0.000184739
7 1.9 0.212464 0.000257386
8 1.9 0.212353 0.000247996
9 1.9 0.212276 0.000232047
10 1.9 0.212428 0.000253838
1 2 0.195706 0
2 2 0.195882 0.000124019
3 2 0.196225 0.000292218
4 2 0.196084 0.000250754
5 2 0.196082 0.000200612
6 2 0.196375 0.000315176
7 2 0.196462 0.000281888
8 2 0.196493 0.000248422
9 2 0.19662 0.000250958
10 2 0.196746 0.000255735
1 2.1 0.18218 0
2 2.1 0.18277 0.000417128
3 2.1 0.182748 0.000278698
4 2.1 0.182307 0.000434893
5 2.1 0.182377 0.000353419
6 2.1 0.182458 0.000303716
7 2.1 0.182412 0.000263846
8 2.1 0.182462 0.000235619
9 2.1 0.182415 0.000213975
10 2.1 0.182535 0.000223329
1 2.2 0.169573 0
2 2.2 0.169298 0.0001941
3 2.2 0.169269 0.000131514
4 2.2 0.168828 0.000395001
5 2.2 0.169012 0.000356494
6 2.2 0.16916 0.00032621
7 2.2 0.169238 0.000288923
8 2.2 0.169332 0.000267476
9 2.2 0.169408 0.000248334
10 2.2 0.169593 0.000284126
1 2.3 0.157547 0
2 2.3 0.157666 8.38712e-05
3 2.3 0.157652 5.70501e-05
4 2.3 0.157496 0.000141634
5 2.3 0.157463 0.000117154
6 2.3 0.15751 0.000106658
7 2.3 0.157527 9.27818e-05
8 2.3 0.157628 0.000124255
9 2.3 0.157659 0.000114413
10 2.3 0.157743 0.00013017
1 2.4 0.147101 0
2 2.4 0.146894 0.000146198
3 2.4 0.147195 0.000264202
4 2.4 0.147053 0.00023281
5 2.4 0.146763 0.000319909
6 2.4 0.146846 0.000277268
7 2.4 0.14693 0.00024995
8 2.4 0.147111 0.000276446
9 2.4 0.147066 0.000249296
10 2.4 0.147104 0.000227177
1 2.5 0.136508 0
2 2.5 0.136702 0.000136839
3 2.5 0.136942 0.000216462
4 2.5 0.136784 0.000212204
5 2.5 0.136731 0.000176367
6 2.5 0.136716 0.000147587
7 2.5 0.136939 0.000242455
8 2.5 0.137098 0.000258703
9 2.5 0.137073 0.000231145
10 2.5 0.137115 0.000211756
1 2.6 0.127381 0
2 2.6 0.128344 0.000680724
3 2.6 0.128271 0.000457672
4 2.6 0.128103 0.000372889
5 2.6 0.128245 0.000324003
6 2.6 0.128118 0.000293829
7 2.6 0.128172 0.000256895
8 2.6 0.128382 0.000298542
9 2.6 0.128322 0.000271454
10 2.6 0.128299 0.000245265
1 2.7 0.119428 0
2 2.7 0.120281 0.000603139
3 2.7 0.12028 0.000402094
4 2.7 0.120055 0.00035919
5 2.7 0.120096 0.000289709
6 2.7 0.120231 0.000271099
7 2.7 0.120279 0.000236485
8 2.7 0.120274 0.000206972
9 2.7 0.120165 0.000210795
10 2.7 0.120165 0.000189716
1 2.8 0.112895 0
2 2.8 0.113598 0.000497141
3 2.8 0.113294 0.00041442
4 2.8 0.112959 0.000425157
5 2.8 0.112947 0.000340288
6 2.8 0.112903 0.000286386
7 2.8 0.112981 0.000255908
8 2.8 0.112957 0.000225029
9 2.8 0.112869 0.00021654
10 2.8 0.11286 0.000195086
1 2.9 0.10641 0
2 2.9 0.106451 2.87885e-05
3 2.9 0.106139 0.000255904
4 2.9 0.106086 0.000197339
5 2.9 0.106112 0.000159623
6 2.9 0.10611 0.000133033
7 2.9 0.106165 0.000124916
8 2.9 0.106243 0.000131599
9 2.9 0.106192 0.000126569
10 2.9 0.10613 0.000128153
