1 0.5 0.885672 0
2 0.5 0.905537 0.0140465
3 0.5 0.911947 0.0107275
4 0.5 0.906378 0.00938004
5 0.5 0.884943 0.0205887
6 0.5 0.884994 0.0171573
7 0.5 0.881299 0.0150988
8 0.5 0.877371 0.013713
9 0.5 0.871054 0.0135662
10 0.5 0.873384 0.012408
1 0.6 0.665486 0
2 0.6 0.699973 0.0243861
3 0.6 0.688949 0.0185831
4 0.6 0.689561 0.0139474
5 0.6 0.682535 0.0128059
6 0.6 0.682351 0.0106729
7 0.6 0.681258 0.00920405
8 0.6 0.678232 0.00853635
9 0.6 0.6808 0.00796467
10 0.6 0.683443 0.00759405
1 0.7 0.452561 0
2 0.7 0.438761 0.00975793
3 0.7 0.449669 0.0110289
4 0.7 0.44381 0.00970385
5 0.7 0.442025 0.00792547
6 0.7 0.441663 0.00661285
7 0.7 0.448947 0.00880943
8 0.7 0.441268 0.0105361
9 0.7 0.441073 0.00936722
10 0.7 0.434314 0.0105919
1 0.8 0.286619 0
2 0.8 0.289227 0.00184442
3 0.8 0.299295 0.00831194
4 0.8 0.302583 0.00685335
5 0.8 0.300669 0.00574359
6 0.8 0.305009 0.00621314
7 0.8 0.305269 0.00533096
8 0.8 0.305277 0.0046646
9 0.8 0.299765 0.00664829
10 0.8 0.296617 0.00668739
1 0.9 0.204645 0
2 0.9 0.200329 0.0030523
3 0.9 0.200226 0.00203658
4 0.9 0.20006 0.00153422
5 0.9 0.196204 0.00366029
6 0.9 0.197171 0.00317538
7 0.9 0.199374 0.00340097
8 0.9 0.203036 0.0045373
9 0.9 0.201061 0.00444213
10 0.9 0.199405 0.00429563
1 1 0.157568 0
2 1 0.156237 0.000940876
3 1 0.149605 0.00545127
4 1 0.152133 0.00463763
5 1 0.148082 0.00518579
6 1 0.1477 0.00433552
7 1 0.147857 0.00371901
8 1 0.146908 0.00337306
9 1 0.145847 0.00316091
10 1 0.144503 0.00311745
1 1.1 0.106573 0
2 1.1 0.107532 0.000677691
3 1.1 0.111501 0.0032725
4 1.1 0.113026 0.00278702
5 1.1 0.109064 0.00418695
6 1.1 0.109624 0.00352642
7 1.1 0.109974 0.00303994
8 1.1 0.110693 0.00274373
9 1.1 0.111024 0.00245869
10 1.1 0.110962 0.00221361
1 1.2 0.078782 0
2 1.2 0.0831152 0.00306404
3 1.2 0.0839641 0.00215709
4 1.2 0.0828147 0.00189954
5 1.2 0.0843132 0.00202625
6 1.2 0.0860423 0.0023114
7 1.2 0.0873319 0.00231315
8 1.2 0.0879525 0.00210562
9 1.2 0.0873402 0.00195866
10 1.2 0.0873596 0.00176289
1 1.3 0.0687936 0
2 1.3 0.0727676 0.00281004
3 1.3 0.0724617 0.00188993
4 1.3 0.073138 0.00153368
5 1.3 0.0725417 0.00133786
6 1.3 0.0720266 0.00120998
7 1.3 0.0727394 0.00122927
8 1.3 0.0723505 0.00113544
9 1.3 0.0720874 0.00103933
10 1.3 0.0723212 0.000961338
1 1.4 0.0628668 0
2 1.4 0.0582504 0.00326429
3 1.4 0.058622 0.00219724
4 1.4 0.0596228 0.00186196
5 1.4 0.0600204 0.00153143
6 1.4 0.0604353 0.0013312
7 1.4 0.0600228 0.00120323
8 1.4 0.0591795 0.00131556
9 1.4 0.0591853 0.0011694
10 1.4 0.0589471 0.00107645
1 1.5 0.0529764 0
2 1.5 0.0540222 0.000739492
3 1.5 0.0525319 0.00131293
4 1.5 0.0525893 0.000985949
5 1.5 0.0527318 0.000798985
6 1.5 0.052178 0.000835978
7 1.5 0.0511085 0.00122227
8 1.5 0.0509721 0.00107707
9 1.5 0.0510595 0.000960931
10 1.5 0.0512558 0.000884668
1 1.6 0.0461612 0
2 1.6 0.046199 2.67286e-05
3 1.6 0.0460395 0.000131472
4 1.6 0.0452737 0.000670464
5 1.6 0.0445809 0.000819569
6 1.6 0.0447486 0.000699925
7 1.6 0.0442383 0.000763604
8 1.6 0.0441442 0.000673932
9 1.6 0.0445214 0.000696647
10 1.6 0.0443677 0.000643714
1 1.7 0.0409844 0
2 1.7 0.0369706 0.00283819
3 1.7 0.0374499 0.00193217
4 1.7 0.0383142 0.00163103
5 1.7 0.0377408 0.001402
6 1.7 0.0380846 0.00120975
7 1.7 0.0375739 0.00113965
8 1.7 0.0376535 0.000999966
9 1.7 0.0380056 0.000948826
10 1.7 0.0379802 0.000854283
1 1.8 0.034068 0
2 1.8 0.0333596 0.000500914
3 1.8 0.0334851 0.000349303
4 1.8 0.0335773 0.000273884
5 1.8 0.0330966 0.000482594
6 1.8 0.0328535 0.000459325
7 1.8 0.0328833 0.000394675
8 1.8 0.0331909 0.000449462
9 1.8 0.0332215 0.000400563
10 1.8 0.0335732 0.000491233
1 1.9 0.0258232 0
2 1.9 0.0268912 0.00075519
3 1.9 0.0281696 0.00115888
4 1.9 0.0293514 0.00134273
5 1.9 0.0298739 0.00117145
6 1.9 0.0294394 0.00105372
7 1.9 0.0293558 0.000906496
8 1.9 0.0304273 0.00127816
9 1.9 0.0299839 0.0012106
10 1.9 0.030167 0.0011033
1 2 0.0238048 0
2 2 0.0256226 0.00128538
3 2 0.0253851 0.000878593
4 2 0.0255331 0.0006713
5 2 0.0256144 0.00054194
6 2 0.02568 0.00045557
7 2 0.0257329 0.00039355
8 2 0.0259255 0.000388609
9 2 0.0264976 0.000640515
10 2 0.0268574 0.000669962
1 2.1 0.0268128 0
2 2.1 0.0259308 0.000623668
3 2.1 0.0248935 0.000943528
4 2.1 0.0253821 0.000824521
5 2.1 0.0246846 0.000907934
6 2.1 0.0252077 0.000894736
7 2.1 0.0245109 0.00100221
8 2.1 0.024452 0.000878659
9 2.1 0.0246497 0.000802961
10 2.1 0.0246888 0.000723619
1 2.2 0.0209184 0
2 2.2 0.02077 0.000104935
3 2.2 0.0210908 0.000271113
4 2.2 0.021461 0.000379646
5 2.2 0.0211977 0.000384336
6 2.2 0.0213883 0.000364513
7 2.2 0.0216209 0.000379423
8 2.2 0.0212993 0.000448021
9 2.2 0.0216558 0.000521165
10 2.2 0.021538 0.000482191
1 2.3 0.0209576 0
2 2.3 0.020205 0.000532169
3 2.3 0.0210405 0.000768947
4 2.3 0.0205589 0.000711739
5 2.3 0.0211424 0.000772389
6 2.3 0.0209468 0.000667965
7 2.3 0.0210165 0.000576168
8 2.3 0.0206234 0.000624035
9 2.3 0.020359 0.000608108
10 2.3 0.0206379 0.000607898
1 2.4 0.0159568 0
2 2.4 0.016753 0.000562998
3 2.4 0.0174879 0.000707738
4 2.4 0.0176423 0.000547394
5 2.4 0.0176509 0.000437982
6 2.4 0.017995 0.000481556
7 2.4 0.0184624 0.000598019
8 2.4 0.018696 0.000567059
9 2.4 0.0185974 0.000512557
10 2.4 0.0190196 0.000610936
1 2.5 0.018694 0
2 2.5 0.0179894 0.000498227
3 2.5 0.0180989 0.000343981
4 2.5 0.0175192 0.000564469
5 2.5 0.0174738 0.000453394
6 2.5 0.0178811 0.000530089
7 2.5 0.0178394 0.000455999
8 2.5 0.018282 0.000575
9 2.5 0.0184562 0.000536843
10 2.5 0.018608 0.000504157
1 2.6 0.0155668 0
2 2.6 0.0159672 0.000283126
3 2.6 0.0161744 0.000253472
4 2.6 0.016838 0.000605321
5 2.6 0.0169362 0.000492164
6 2.6 0.0168893 0.000412366
7 2.6 0.0169059 0.000353788
8 2.6 0.0171695 0.000395802
9 2.6 0.017368 0.0003985
10 2.6 0.01741 0.000360856
1 2.7 0.0166536 0
2 2.7 0.0156692 0.000696076
3 2.7 0.0160504 0.000558765
4 2.7 0.015901 0.000438592
5 2.7 0.0161648 0.00042283
6 2.7 0.0160795 0.000360853
7 2.7 0.0160742 0.000309341
8 2.7 0.0159793 0.000284867
9 2.7 0.0159946 0.000253625
10 2.7 0.0159789 0.000228747
1 2.8 0.0138384 0
2 2.8 0.0138078 2.16375e-05
3 2.8 0.0145407 0.000598557
4 2.8 0.0145169 0.000449389
5 2.8 0.0146738 0.000385918
6 2.8 0.014573 0.000334493
7 2.8 0.0144989 0.000294799
8 2.8 0.0143506 0.000292913
9 2.8 0.0144886 0.000291077
10 2.8 0.0146867 0.000322432
1 2.9 0.0157408 0
2 2.9 0.0147602 0.000693389
3 2.9 0.0141524 0.000678207
4 2.9 0.014234 0.00051354
5 2.9 0.0137805 0.000577345
6 2.9 0.0137663 0.000481294
7 2.9 0.0137057 0.000416338
8 2.9 0.0134705 0.000425608
9 2.9 0.0137138 0.000442463
10 2.9 0.01399 0.0004767
