0 44.3258 87.734
1 61.0657 61.8654
2 14.692 81.0055
3 -117.798 79.3531
4 162.651 71.5278
5 106.82 65.1885
6 -108.037 59.9717
7 51.7945 74.0812
8 -32.3054 80.7181
9 -4.52222 76.7964
10 131.814 94.7513
11 161.377 54.767
12 -31.8576 75.5355
13 110.009 82.831
14 123.251 68.7249
15 116 81.3825
16 115.671 62.1097
17 65.0187 77.5886
18 120.112 74.024
19 75.6557 85.0775
20 22.0131 82.8002
21 121.534 89.8927
22 174.853 70.8732
23 -30.0606 84.5373
24 121.413 62.14
25 128.526 69.0967
26 37.5138 67.1792
27 26.047 73.5666
28 81.1156 58.6951
29 62.2167 84.3217
30 28.393 69.6988
31 60.7905 82.08
32 -14.6302 75.4663
33 93.2514 69
34 110.452 69.5989
35 41.9449 71.9341
36 67.1921 80.6015
37 23.6745 64.1151
38 66.1967 92.9303
39 115.527 72.9607
40 -67.7947 65.9647
41 131.656 89.26
42 196.06 78.743
43 42.69 84.5129
44 -53.7047 82.2086
45 97.9825 69.8515
46 19.5953 96.6483
47 -85.4762 96.3613
48 140.784 53.8379
49 13.0333 72.8993
50 -25.8963 76.6609
51 -2.89994 57.0321
52 30.1944 74.4013
53 174.261 71.6375
54 -80.3296 91.0361
55 64.2589 52.4344
56 66.1691 75.1243
57 109.272 65.0176
58 7.62445 64.7597
59 -87.5571 73.4611
60 -28.2135 74.7942
61 -22.0798 84.2115
62 17.8793 71.8499
63 144.504 92.2434
64 124.133 67.1149
65 12.9971 83.3915
66 -101.109 71.2548
67 -14.2632 74.9171
68 54.4348 89.1764
69 12.9548 69.8424
70 81.8365 92.8014
71 -35.7583 76.7897
72 46.252 90.8873
73 -6.46718 74.0157
74 147.035 54.5523
75 50.1415 73.6867
76 -161.989 81.8392
77 -66.2824 65.1317
78 147.296 64.6199
79 146.082 73.4382
80 17.6465 72.2873
81 107.301 83.7086
82 40.7939 80.9025
83 68.6497 75.4749
84 40.7899 86.9857
85 -71.3577 69.459
86 -54.7178 86.1297
87 -8.30197 73.8632
88 -100.789 65.564
89 86.7122 72.2292
90 -53.0079 71.8581
91 32.0801 68.0747
92 80.0231 75.9683
93 6.07034 79.8704
94 112.382 99.3823
95 12.6812 79.7927
96 44.7988 77.7689
97 -60.7668 65.2437
98 74.5178 82.3863
99 36.4878 64.1753
100 -50.9884 93.2055
101 -22.7545 63.2377
102 9.34547 76.3111
103 31.8985 79.703
104 94.9739 66.169
105 102.375 65.0245
106 26.371 72.4209
107 76.3869 84.4608
108 62.657 65.9733
109 62.0212 71.7592
110 55.4809 76.7954
111 89.2489 82.2509
112 10.8637 50.1055
113 130.622 82.2664
114 -18.9202 84.9874
115 55.1366 51.2648
116 173.995 73.2411
117 -2.42482 90.5655
118 176.014 90.252
119 47.5463 74.1768
120 81.0363 52.5598
121 104.829 96.0238
122 -23.8484 80.0867
123 128.781 78.2634
124 -75.3432 72.6478
125 126.728 76.1084
126 1.39433 77.6088
127 16.4841 67.6148
128 100.267 47.0235
129 -22.9834 79.5615
130 -52.5533 80.6578
131 -40.8975 62.742
132 80.1205 69.5502
133 48.7145 83.2282
134 -101.092 79.174
135 249.424 60.1118
136 61.0404 82.8825
137 159.215 65.5479
138 -23.91 81.7756
139 71.2816 91.0712
140 174.865 75.4908
141 51.1746 64.8946
142 142.657 68.0896
143 6.52822 83.8125
144 -10.6901 92.9827
145 53.8856 74.326
146 178.493 50.1134
147 113.8 82.5646
148 -57.5761 57.6076
149 66.6237 68.7726
150 26.8095 75.2099
151 92.6395 84.2142
152 117.714 73.7049
153 53.7514 69.8273
154 98.0609 70.5146
155 101.887 70.4632
156 -0.23159 77.0092
157 216.193 70.58
158 45.5341 85.0245
159 15.399 81.884
160 33.0488 64.7875
161 96.4864 84.631
162 74.6835 74.0282
163 78.6507 61.4529
164 74.4044 54.5571
165 82.0023 89.2561
166 39.6558 67.0771
167 62.3258 89.1444
168 83.0339 68.6738
169 60.7166 80.0036
170 -12.4107 58.6398
171 -13.6838 99.1977
172 -36.0909 87.7607
173 -50.2942 59.5129
174 101.312 84.3987
175 -31.2744 60.5643
176 100.813 50.0855
177 121.231 77.9539
178 20.3853 71.9545
179 -32.7297 76.3399
180 32.6753 62.0854
181 -28.548 68.8329
182 107.657 59.1863
183 98.5914 102.071
184 25.3077 64.4489
185 85.6808 59.4271
186 128.19 104.681
187 124.375 66.4818
188 28.6603 75.7362
189 129.409 68.9029
190 44.778 92.7005
191 46.2723 72.4494
192 33.0164 78.8858
193 127.925 76.1274
194 -10.1593 79.5482
195 82.7048 58.9945
196 -50.9896 79.7654
197 87.5779 63.0167
198 133.059 70.3733
199 84.8537 80.5489
200 -58.7679 76.3162
201 -141.715 71.9638
202 -8.88398 66.0055
203 121.009 83.6786
204 -51.3307 69.2757
205 55.2633 78.6608
206 6.6795 69.6803
207 141.654 98.619
208 -70.816 55.6231
209 78.7103 116.778
210 79.5286 68.5053
211 62.8614 93.0399
212 90.418 86.1275
213 111.843 89.0195
214 152.846 85.1988
215 -95.6729 61.353
216 3.86766 84.6525
217 213.048 66.5645
218 3.27027 57.0788
219 119.314 63.5283
220 -64.4802 84.2014
221 -74.4452 78.3664
222 59.1108 78.6426
223 -85.6463 90.7437
224 115.169 80.2237
225 -81.2398 80.212
226 160.001 58.541
227 99.4391 67.3859
228 54.9453 66.6052
229 195.824 71.0396
230 93.651 63.5044
231 128.914 88.4246
232 73.2383 81.8226
233 36.6415 56.03
234 81.8112 78.3
235 -69.7896 85.1037
236 -76.5298 67.8418
237 118.803 50.2915
238 100.417 66.4045
239 32.128 63.0002
240 164.134 80.5579
241 67.6898 60.3881
242 229.416 68.6738
243 131.834 66.2603
244 24.9033 70.1078
245 8.08075 76.0182
246 98.7533 80.7819
247 -50.036 65.16
248 18.1646 72.0352
249 2.22611 86.3289
250 157.876 84.91
251 75.4436 99.5431
252 -4.79877 87.2912
253 -43.1328 76.355
254 10.2608 109.828
255 -194.392 87.5871
256 2.65935 103.314
257 65.1452 80.7323
258 154.56 82.4479
259 9.77098 81.9858
260 103.502 74.3076
261 142.757 81.7024
262 90.5752 63.3207
263 66.1376 59.5095
264 76.3135 87.0323
265 122.969 67.1069
266 117.427 53.3468
267 49.0884 95.535
268 -38.4679 58.9504
269 22.6639 56.4125
270 81.0015 64.9216
271 11.4957 67.6389
272 11.4959 75.0035
273 -24.7599 61.7671
274 -2.00263 83.2649
275 133.352 77.9485
276 -143.365 76.6137
277 29.5078 70.735
278 -98.9756 59.5661
279 77.4284 70.7312
280 14.151 56.5596
281 75.5635 76.4526
282 -75.9403 70.8115
283 -81.4251 61.425
284 55.3367 89.2488
285 167.646 78.1694
286 -119.562 61.535
287 44.4965 74.3656
288 83.5688 102.679
289 35.1489 78.0828
290 21.6039 87.3393
291 124.425 51.3577
292 -19.4263 70.0713
293 32.4124 54.6085
294 0.870447 57.9534
295 -80.9034 66.0998
296 2.8338 66.0573
297 143.147 74.9888
298 119.783 98.4103
299 -5.65566 88.6419
