0.500244
0.500691
0.503483
0.50182
0.496647
0.497056
0.502001
0.503811
0.503606
0.502489
0.498587
0.500736
0.50038
0.502742
0.494385
0.499386
0.501477
0.505812
0.50185
0.496399
0.496337
0.493846
0.497291
0.492742
0.489574
0.49926
0.504114
0.503555
0.504253
0.499636
0.494407
0.497563
0.495646
0.494369
0.506449
0.508285
0.494336
0.506918
0.497686
0.496326
0.498713
0.494083
0.500824
0.492523
0.497538
0.486536
0.505862
0.507535
0.497584
0.509121
0.504148
0.500146
0.498064
0.498898
0.504236
0.497056
0.493034
0.50655
0.495561
0.498871
0.507381
0.494703
0.497292
0.509152
0.495126
0.506592
0.485318
0.508035
0.496354
0.51012
0.508037
0.495512
0.500867
0.495575
0.514682
0.508575
0.506083
0.487839
0.496024
0.485966
0.489196
0.505414
0.512223
0.493822
0.505683
0.491959
0.503462
0.502622
0.489255
0.488373
0.490943
0.503008
0.497668
0.499182
0.499347
0.502954
0.501617
0.483938
0.488622
0.510638
